0 0 0 0 0 0 0 1
1 -0.117556 0.0341558 -0.147073 0 0 0 1
2 -0.120629 0.032629 -0.149884 0 0 0 1
3 -0.119946 0.0329537 -0.144288 0 0 0 1
4 -0.122449 0.0320509 -0.144927 0 0 0 1
5 -0.124754 0.0287204 -0.149517 0 0 0 1
6 -0.117062 0.0207255 -0.147605 0 0 0 1
7 -0.0943685 0.0184337 -0.116892 0 0 0 1
8 -0.095572 0.0330151 -0.119821 0 0 0 1
9 -0.123201 0.0353462 -0.165252 0 0 0 1
10 -0.130421 0.0249225 -0.163378 0 0 0 1
11 -0.116764 0.0265872 -0.122162 0 0 0 1
12 -0.125564 0.040431 -0.106199 0 0 0 1
13 -0.141324 0.052479 -0.115925 0 0 0 1
14 -0.152487 0.0574374 -0.1228 0 0 0 1
15 -0.162097 0.0544644 -0.141443 0 0 0 1
16 -0.156184 0.047567 -0.129071 0 0 0 1
17 -0.149848 0.0483739 -0.111503 0 0 0 1
18 -0.163035 0.0533633 -0.107295 0 0 0 1
19 -0.174893 0.0565588 -0.118046 0 0 0 1
20 -0.203318 0.0387958 -0.12857 0 0 0 1
21 -0.211591 0.0257912 -0.131229 0 0 0 1
22 -0.216996 0.0124051 -0.130236 0 0 0 1
23 -0.223958 0.00288017 -0.136261 0 0 0 1
24 -0.227402 -0.0147411 -0.144742 0 0 0 1
25 -0.230198 -0.0224497 -0.15135 0 0 0 1
26 -0.228789 -0.0136415 -0.150102 0 0 0 1
27 -0.22731 -0.0123654 -0.144055 0 0 0 1
28 -0.221397 -0.0313237 -0.13648 0 0 0 1
29 -0.216159 -0.0308993 -0.121178 0 0 0 1
30 -0.198008 -0.0201541 -0.0993296 0 0 0 1
31 -0.169145 0.00406731 -0.0682274 0 0 0 1
32 -0.151065 0.0347919 -0.0525198 0 0 0 1
33 -0.158046 0.046075 -0.0810484 0 0 0 1
34 -0.175071 0.0406769 -0.118096 0 0 0 1
35 -0.19369 0.0241078 -0.143495 0 0 0 1
36 -0.210519 -0.00251676 -0.159001 0 0 0 1
37 -0.222468 -0.0251397 -0.171852 0 0 0 1
38 -0.232872 -0.0383765 -0.179155 0 0 0 1
39 -0.23629 -0.0587146 -0.179538 0 0 0 1
40 -0.225694 -0.0603552 -0.15411 0 0 0 1
41 -0.214687 -0.0492709 -0.129262 0 0 0 1
42 -0.204821 -0.0360062 -0.109463 0 0 0 1
43 -0.191285 -0.0178904 -0.101908 0 0 0 1
44 -0.17659 0.00293408 -0.0898995 0 0 0 1
45 -0.160695 0.0215693 -0.082397 0 0 0 1
46 -0.157962 0.0274874 -0.0855532 0 0 0 1
47 -0.166624 0.0243373 -0.101643 0 0 0 1
48 -0.181288 0.0185178 -0.118313 0 0 0 1
49 -0.197937 0.00750518 -0.135591 0 0 0 1
50 -0.208683 -0.00148657 -0.14541 0 0 0 1
51 -0.21915 -0.00341173 -0.150192 0 0 0 1
52 -0.223805 -0.0112789 -0.147134 0 0 0 1
53 -0.222047 -0.027099 -0.141187 0 0 0 1
54 -0.217771 -0.0347324 -0.124766 0 0 0 1
55 -0.206283 -0.0211149 -0.101349 0 0 0 1
56 -0.18362 -0.00138777 -0.0822971 0 0 0 1
57 -0.16783 0.0238423 -0.0870653 0 0 0 1
58 -0.162177 0.0460071 -0.0911406 0 0 0 1
59 -0.166584 0.0533815 -0.096519 0 0 0 1
60 -0.17785 0.0478168 -0.105694 0 0 0 1
61 -0.194184 0.0322661 -0.119089 0 0 0 1
62 -0.208145 0.0128675 -0.135641 0 0 0 1
63 -0.222882 -0.0034287 -0.15207 0 0 0 1
64 -0.234663 -0.0239801 -0.162258 0 0 0 1
65 -0.234565 -0.0375235 -0.156254 0 0 0 1
66 -0.231382 -0.0360364 -0.140429 0 0 0 1
67 -0.221648 -0.0208867 -0.120976 0 0 0 1
68 -0.206619 -0.00859584 -0.100562 0 0 0 1
69 -0.189125 0.00592561 -0.0857717 0 0 0 1
70 -0.172702 0.0232822 -0.0750493 0 0 0 1
71 -0.16234 0.0398677 -0.070757 0 0 0 1
72 -0.160371 0.0433322 -0.0793921 0 0 0 1
73 -0.16786 0.0385456 -0.0948415 0 0 0 1
74 -0.180305 0.0290527 -0.112043 0 0 0 1
75 -0.193393 0.0185457 -0.12576 0 0 0 1
76 -0.205302 0.0118663 -0.132003 0 0 0 1
77 -0.21748 -0.000950657 -0.131011 0 0 0 1
78 -0.219819 -0.0132659 -0.123281 0 0 0 1
79 -0.215859 -0.0138105 -0.117621 0 0 0 1
80 -0.202841 -0.00707641 -0.107021 0 0 0 1
81 -0.189166 0.00335035 -0.0924771 0 0 0 1
82 -0.170792 0.0232617 -0.0860239 0 0 0 1
83 -0.165247 0.0482876 -0.0842298 0 0 0 1
84 -0.158588 0.0605282 -0.0808013 0 0 0 1
85 -0.162404 0.0482209 -0.0909787 0 0 0 1
86 -0.172342 0.0327908 -0.110064 0 0 0 1
87 -0.187679 0.0104881 -0.135128 0 0 0 1
88 -0.19865 -0.00531186 -0.161157 0 0 0 1
89 -0.210922 -0.029676 -0.181697 0 0 0 1
90 -0.215922 -0.051528 -0.186326 0 0 0 1
91 -0.21533 -0.0703213 -0.175663 0 0 0 1
92 -0.212013 -0.0586104 -0.15316 0 0 0 1
93 -0.203529 -0.043097 -0.123373 0 0 0 1
94 -0.189765 -0.0315203 -0.0996612 0 0 0 1
95 -0.177369 -0.014006 -0.092546 0 0 0 1
96 -0.171548 0.00550684 -0.0921081 0 0 0 1
97 -0.170625 0.013053 -0.0994044 0 0 0 1
98 -0.174072 0.0119027 -0.109882 0 0 0 1
99 -0.185284 0.00500262 -0.12409 0 0 0 1
100 -0.195563 -0.00234271 -0.136842 0 0 0 1
101 -0.20489 -0.00720138 -0.146159 0 0 0 1
102 -0.214411 -0.0249739 -0.15398 0 0 0 1
103 -0.218841 -0.0408391 -0.152943 0 0 0 1
104 -0.21878 -0.0512271 -0.143849 0 0 0 1
105 -0.212755 -0.0468882 -0.125781 0 0 0 1
106 -0.200949 -0.0318729 -0.104041 0 0 0 1
107 -0.18361 -0.0101389 -0.0859397 0 0 0 1
108 -0.165981 0.0139314 -0.0784912 0 0 0 1
109 -0.160836 0.0286669 -0.0832574 0 0 0 1
110 -0.165492 0.0292169 -0.0980306 0 0 0 1
111 -0.175868 0.0218425 -0.115203 0 0 0 1
112 -0.191406 0.00761147 -0.133707 0 0 0 1
113 -0.207431 -0.0120495 -0.153484 0 0 0 1
114 -0.222299 -0.0293359 -0.167436 0 0 0 1
115 -0.231003 -0.0469987 -0.169016 0 0 0 1
116 -0.232326 -0.0557721 -0.156578 0 0 0 1
117 -0.226709 -0.0501472 -0.135836 0 0 0 1
118 -0.215392 -0.0372777 -0.112859 0 0 0 1
119 -0.202483 -0.0229549 -0.0940582 0 0 0 1
120 -0.18906 -0.0078629 -0.0833507 0 0 0 1
121 -0.180534 0.00812758 -0.0796292 0 0 0 1
122 -0.178855 0.0128791 -0.0859525 0 0 0 1
123 -0.178988 0.0109548 -0.0927644 0 0 0 1
124 -0.18478 0.004664 -0.103334 0 0 0 1
125 -0.193532 -0.00289327 -0.116141 0 0 0 1
126 -0.20455 -0.00334913 -0.125829 0 0 0 1
127 -0.220761 -0.0106475 -0.13563 0 0 0 1
128 -0.236094 -0.0156162 -0.139285 0 0 0 1
129 -0.248087 -0.019512 -0.134802 0 0 0 1
130 -0.259399 -0.0118055 -0.120233 0 0 0 1
131 -0.266337 0.00844715 -0.102173 0 0 0 1
132 -0.272039 0.034599 -0.0844941 0 0 0 1
133 -0.278135 0.065259 -0.0742982 0 0 0 1
134 -0.294952 0.0818121 -0.0787723 0 0 0 1
135 -0.324139 0.0824945 -0.0887387 0 0 0 1
136 -0.363494 0.0702531 -0.103266 0 0 0 1
137 -0.405545 0.0529116 -0.117051 0 0 0 1
138 -0.453152 0.0309906 -0.131928 0 0 0 1
139 -0.499304 0.0078346 -0.141725 0 0 0 1
140 -0.546146 -0.00953865 -0.141763 0 0 0 1
141 -0.58238 -0.0210754 -0.128867 0 0 0 1
142 -0.610621 -0.0233398 -0.111433 0 0 0 1
143 -0.634065 -0.00980161 -0.0952017 0 0 0 1
144 -0.659854 0.0100899 -0.0847285 0 0 0 1
145 -0.688014 0.0263911 -0.0765505 0 0 0 1
146 -0.718446 0.0435459 -0.0743923 0 0 0 1
147 -0.754695 0.0557829 -0.073296 0 0 0 1
148 -0.796694 0.0602464 -0.0761997 0 0 0 1
149 -0.843062 0.0595452 -0.0867126 0 0 0 1
150 -0.89169 0.0561107 -0.0974387 0 0 0 1
151 -0.940172 0.0488427 -0.107484 0 0 0 1
152 -0.994273 0.0453714 -0.122281 0 0 0 1
153 -1.05317 0.0361581 -0.13302 0 0 0 1
154 -1.11508 0.0281232 -0.132544 0 0 0 1
155 -1.17464 0.0299554 -0.11945 0 0 0 1
156 -1.22872 0.0423505 -0.0987599 0 0 0 1
157 -1.27534 0.0587057 -0.0721392 0 0 0 1
158 -1.31752 0.0736731 -0.0550052 0 0 0 1
159 -1.3655 0.0903195 -0.0591143 0 0 0 1
160 -1.41925 0.0993367 -0.0762773 0 0 0 1
161 -1.47965 0.0994569 -0.0982597 0 0 0 1
162 -1.54709 0.0937192 -0.116954 0 0 0 1
163 -1.61917 0.082761 -0.123666 0 0 0 1
164 -1.68444 0.0740762 -0.128863 0 0 0 1
165 -1.74777 0.0634885 -0.134411 0 0 0 1
166 -1.80899 0.0528477 -0.139963 0 0 0 1
167 -1.86311 0.0524739 -0.136123 0 0 0 1
168 -1.91491 0.0692173 -0.133775 0 0 0 1
169 -1.95749 0.0728197 -0.129516 0 0 0 1
170 -2.01388 0.0782381 -0.116603 0 0 0 1
171 -2.07137 0.0811316 -0.0957557 0 0 0 1
172 -2.1286 0.0799505 -0.0802052 0 0 0 1
173 -2.18278 0.0739448 -0.0751469 0 0 0 1
174 -2.23526 0.0672223 -0.0866874 0 0 0 1
175 -2.28831 0.057512 -0.104954 0 0 0 1
176 -2.34711 0.0469984 -0.12289 0 0 0 1
177 -2.41219 0.0417145 -0.134491 0 0 0 1
178 -2.48412 0.0311796 -0.134536 0 0 0 1
179 -2.55328 0.0228325 -0.125317 0 0 0 1
180 -2.61392 0.0220749 -0.113212 0 0 0 1
181 -2.66604 0.0320791 -0.105409 0 0 0 1
182 -2.7066 0.0503791 -0.0993395 0 0 0 1
183 -2.74438 0.0682338 -0.10093 0 0 0 1
184 -2.79463 0.0843608 -0.0987442 0 0 0 1
185 -2.85604 0.0872088 -0.102443 0 0 0 1
186 -2.92156 0.0729206 -0.101523 0 0 0 1
187 -2.99121 0.0557133 -0.101054 0 0 0 1
188 -3.05873 0.0422648 -0.103204 0 0 0 1
189 -3.12413 0.0261034 -0.113739 0 0 0 1
190 -3.17977 0.0165067 -0.126253 0 0 0 1
191 -3.23974 1.27778e-05 -0.137493 0 0 0 1
192 -3.30088 -0.00379738 -0.139755 0 0 0 1
193 -3.36875 0.0051562 -0.136579 0 0 0 1
194 -3.4286 0.0139931 -0.125905 0 0 0 1
195 -3.48855 0.0195171 -0.103323 0 0 0 1
196 -3.54366 0.0229775 -0.0915134 0 0 0 1
197 -3.59348 0.0290773 -0.0826781 0 0 0 1
198 -3.64594 0.0219526 -0.0805815 0 0 0 1
199 -3.70086 0.00991904 -0.0823732 0 0 0 1
200 -3.76126 -0.00132394 -0.0925075 0 0 0 1
201 -3.82523 -0.0179108 -0.100577 0 0 0 1
202 -3.89385 -0.0318075 -0.103954 0 0 0 1
203 -3.96797 -0.0441669 -0.110708 0 0 0 1
204 -4.03669 -0.0437064 -0.112399 0 0 0 1
205 -4.10084 -0.0352773 -0.111809 0 0 0 1
206 -4.16076 -0.0182091 -0.118998 0 0 0 1
207 -4.21806 0.00282604 -0.124596 0 0 0 1
208 -4.27572 0.023051 -0.125495 0 0 0 1
209 -4.34179 0.0343987 -0.117383 0 0 0 1
210 -4.41103 0.0368975 -0.110275 0 0 0 1
211 -4.47922 0.0392243 -0.107077 0 0 0 1
212 -4.5499 0.0309288 -0.113431 0 0 0 1
213 -4.62527 0.0172166 -0.125421 0 0 0 1
214 -4.70532 0.00745911 -0.141152 0 0 0 1
215 -4.78577 -0.00213732 -0.150139 0 0 0 1
216 -4.86823 -0.0126814 -0.141715 0 0 0 1
217 -4.94585 -0.0130028 -0.126241 0 0 0 1
218 -5.02271 -0.00957612 -0.108005 0 0 0 1
219 -5.0914 0.00825892 -0.0995964 0 0 0 1
220 -5.16004 0.0224282 -0.0985656 0 0 0 1
221 -5.22916 0.0268607 -0.089347 0 0 0 1
222 -5.30565 0.0335485 -0.0823243 0 0 0 1
223 -5.38148 0.0304315 -0.067106 0 0 0 1
224 -5.45513 0.028666 -0.0563523 0 0 0 1
225 -5.53299 0.0282664 -0.0587399 0 0 0 1
226 -5.61146 0.0157381 -0.0693602 0 0 0 1
227 -5.69325 0.005559 -0.077631 0 0 0 1
228 -5.77961 -0.00152193 -0.0877548 0 0 0 1
229 -5.86398 -0.0114629 -0.0866229 0 0 0 1
230 -5.95031 -0.0161718 -0.0755343 0 0 0 1
231 -6.02833 -0.00809024 -0.0626523 0 0 0 1
232 -6.0986 0.0119931 -0.0537406 0 0 0 1
233 -6.16395 0.0329695 -0.0509897 0 0 0 1
234 -6.23134 0.0512738 -0.0550408 0 0 0 1
235 -6.30219 0.0578991 -0.0567354 0 0 0 1
236 -6.37596 0.0534854 -0.0571835 0 0 0 1
237 -6.45049 0.0427026 -0.0536025 0 0 0 1
238 -6.52348 0.0266999 -0.057182 0 0 0 1
239 -6.59707 0.00909623 -0.0636119 0 0 0 1
240 -6.67361 -0.0111807 -0.0794288 0 0 0 1
241 -6.75425 -0.0273324 -0.0932071 0 0 0 1
242 -6.83752 -0.0326186 -0.0930523 0 0 0 1
243 -6.92281 -0.0301282 -0.0840079 0 0 0 1
244 -7.00422 -0.0235137 -0.0687395 0 0 0 1
245 -7.07705 -0.0145085 -0.0639519 0 0 0 1
246 -7.13912 -0.00146797 -0.0509154 0 0 0 1
247 -7.20388 0.00440168 -0.0484142 0 0 0 1
248 -7.2698 0.00991876 -0.0497104 0 0 0 1
249 -7.3446 0.017988 -0.0476016 0 0 0 1
250 -7.42466 0.0149986 -0.0447184 0 0 0 1
251 -7.50341 0.0205418 -0.0388365 0 0 0 1
252 -7.58016 0.024916 -0.0348031 0 0 0 1
253 -7.65428 0.0251356 -0.0378624 0 0 0 1
254 -7.73756 0.0108342 -0.0509422 0 0 0 1
255 -7.82542 0.00505009 -0.0530859 0 0 0 1
256 -7.91227 -0.000931247 -0.049273 0 0 0 1
257 -7.99502 0.00240874 -0.0419572 0 0 0 1
258 -8.07137 0.00971063 -0.0330803 0 0 0 1
259 -8.14443 0.0212148 -0.0251086 0 0 0 1
260 -8.21122 0.0324001 -0.020552 0 0 0 1
261 -8.28078 0.0387777 -0.0228793 0 0 0 1
262 -8.35961 0.0427934 -0.0261988 0 0 0 1
263 -8.44019 0.0433359 -0.0305767 0 0 0 1
264 -8.52199 0.0389365 -0.0260886 0 0 0 1
265 -8.60386 0.0357826 -0.0254076 0 0 0 1
266 -8.67817 0.0213982 -0.0326277 0 0 0 1
267 -8.75935 0.0106736 -0.0358233 0 0 0 1
268 -8.83903 0.00614669 -0.0365329 0 0 0 1
269 -8.9192 0.0130674 -0.0402196 0 0 0 1
270 -8.99596 0.0140618 -0.038477 0 0 0 1
271 -9.07652 0.0187403 -0.0321479 0 0 0 1
272 -9.14722 0.0206463 -0.0164019 0 0 0 1
273 -9.212 0.0222904 -0.00163243 0 0 0 1
274 -9.27148 0.0294386 0.00709713 0 0 0 1
275 -9.33593 0.0358583 0.00545971 0 0 0 1
276 -9.40505 0.0431047 0.000167508 0 0 0 1
277 -9.47415 0.0537178 0.00163291 0 0 0 1
278 -9.54991 0.0650237 0.0066556 0 0 0 1
279 -9.62789 0.0610686 0.00571374 0 0 0 1
280 -9.70404 0.0557416 0.00831007 0 0 0 1
281 -9.78418 0.0607183 0.00345821 0 0 0 1
282 -9.85927 0.0706274 -0.00132129 0 0 0 1
283 -9.92994 0.0837538 -0.00696394 0 0 0 1
284 -10.0015 0.0861828 -0.00971166 0 0 0 1
285 -10.0717 0.0848167 -0.0015754 0 0 0 1
286 -10.1358 0.0806253 0.00230466 0 0 0 1
287 -10.2008 0.0733769 0.00747889 0 0 0 1
288 -10.2635 0.0644995 0.00770768 0 0 0 1
289 -10.3323 0.0589441 0.00456602 0 0 0 1
290 -10.4062 0.0510545 -0.00571838 0 0 0 1
291 -10.478 0.0391312 -0.0165814 0 0 0 1
292 -10.5631 0.0232758 -0.0121715 0 0 0 1
293 -10.6435 0.029257 -0.00687455 0 0 0 1
294 -10.7159 0.0349558 -0.00692173 0 0 0 1
295 -10.7832 0.0349257 -0.0050465 0 0 0 1
296 -10.8518 0.0325479 -0.001172 0 0 0 1
297 -10.9198 0.0321788 -0.00166778 0 0 0 1
298 -10.9876 0.0249187 0.00132871 0 0 0 1
299 -11.0495 0.0163659 0.00658593 0 0 0 1
300 -11.1081 0.00984638 0.0121209 0 0 0 1
301 -11.1623 0.00824291 0.0196207 0 0 0 1
302 -11.2231 0.0116573 0.0232325 0 0 0 1
303 -11.2837 0.0202849 0.0297859 0 0 0 1
304 -11.3642 0.0165881 0.0133382 0 0 0 1
305 -11.4427 0.00921916 0.0124071 0 0 0 1
306 -11.5187 0.0106337 0.0183261 0 0 0 1
307 -11.5893 0.0260265 0.0237326 0 0 0 1
308 -11.6504 0.0342933 0.0266327 0 0 0 1
309 -11.7119 0.037483 0.0233491 0 0 0 1
310 -11.7729 0.0386135 0.0148963 0 0 0 1
311 -11.8308 0.0370925 0.0110513 0 0 0 1
312 -11.8944 0.0265881 0.00988842 0 0 0 1
313 -11.9592 0.0111651 0.0142137 0 0 0 1
314 -12.0184 0.00060446 0.0162369 0 0 0 1
315 -12.0763 -0.00843272 0.0143267 0 0 0 1
316 -12.1326 -0.0194476 0.00109183 0 0 0 1
317 -12.1979 -0.0297041 -0.00658756 0 0 0 1
318 -12.266 -0.0279612 -0.00532838 0 0 0 1
319 -12.3382 -0.0205295 -0.00417809 0 0 0 1
320 -12.4057 -0.018351 0.000172972 0 0 0 1
321 -12.4713 -0.0155721 0.0059955 0 0 0 1
322 -12.5323 -0.011861 0.0101199 0 0 0 1
323 -12.5884 -0.016874 0.0127255 0 0 0 1
324 -12.6443 -0.0293917 0.00877418 0 0 0 1
325 -12.7 -0.0368434 0.00791849 0 0 0 1
326 -12.7548 -0.0441509 0.00948227 0 0 0 1
327 -12.812 -0.0497314 0.0141972 0 0 0 1
328 -12.8697 -0.0553942 0.0215655 0 0 0 1
329 -12.9258 -0.0629376 0.0226142 0 0 0 1
330 -12.9831 -0.0670665 0.0174964 0 0 0 1
331 -13.0472 -0.0597488 0.0158698 0 0 0 1
332 -13.117 -0.0488652 0.0105692 0 0 0 1
333 -13.1893 -0.031115 0.00653319 0 0 0 1
334 -13.2605 -0.0145444 0.00808021 0 0 0 1
335 -13.335 -0.00517594 0.0175337 0 0 0 1
336 -13.4063 0.000657157 0.0196803 0 0 0 1
337 -13.4711 0.00106216 0.0180561 0 0 0 1
338 -13.5356 -0.0104448 0.0119432 0 0 0 1
339 -13.6012 -0.0184851 0.00618622 0 0 0 1
340 -13.6708 -0.0305105 0.003427 0 0 0 1
341 -13.7461 -0.0479218 0.000609142 0 0 0 1
342 -13.8191 -0.0689219 0.00605713 0 0 0 1
343 -13.8898 -0.0774521 0.0125693 0 0 0 1
344 -13.9584 -0.079381 0.017811 0 0 0 1
345 -14.0223 -0.0747999 0.0137152 0 0 0 1
346 -14.0889 -0.0686321 0.0079166 0 0 0 1
347 -14.1513 -0.0691105 0.00792044 0 0 0 1
348 -14.2122 -0.0648102 0.00999897 0 0 0 1
349 -14.2734 -0.0562507 0.0228057 0 0 0 1
350 -14.33 -0.0464418 0.0341603 0 0 0 1
351 -14.3813 -0.0396236 0.0396833 0 0 0 1
352 -14.427 -0.0398027 0.0393048 0 0 0 1
353 -14.4763 -0.0423293 0.0370946 0 0 0 1
354 -14.5269 -0.0430843 0.0378889 0 0 0 1
355 -14.589 -0.056597 0.033807 0 0 0 1
356 -14.6537 -0.061005 0.040505 0 0 0 1
357 -14.715 -0.0553381 0.0499603 0 0 0 1
358 -14.7711 -0.0498143 0.0567698 0 0 0 1
359 -14.8226 -0.0361736 0.0525201 0 0 0 1
360 -14.8676 -0.0260337 0.0488433 0 0 0 1
361 -14.9192 -0.0164684 0.0477748 0 0 0 1
362 -14.9771 -0.0118867 0.0450168 0 0 0 1
363 -15.0358 -0.0146763 0.038737 0 0 0 1
364 -15.0986 -0.0248999 0.0431703 0 0 0 1
365 -15.1591 -0.0418034 0.0481126 0 0 0 1
366 -15.2169 -0.0541306 0.0470883 0 0 0 1
367 -15.2684 -0.0658961 0.0331436 0 0 0 1
368 -15.3253 -0.0818247 0.0245955 0 0 0 1
369 -15.3874 -0.0856101 0.0196181 0 0 0 1
370 -15.4492 -0.0877058 0.014771 0 0 0 1
371 -15.5108 -0.0999714 0.0181131 0 0 0 1
372 -15.5746 -0.113637 0.0363273 0 0 0 1
373 -15.6344 -0.127969 0.058558 0 0 0 1
374 -15.6908 -0.146249 0.0714145 0 0 0 1
375 -15.7395 -0.159694 0.0772015 0 0 0 1
376 -15.7863 -0.171939 0.0765688 0 0 0 1
377 -15.838 -0.183643 0.0714352 0 0 0 1
378 -15.8937 -0.186598 0.0671 0 0 0 1
379 -15.9532 -0.18563 0.0648519 0 0 0 1
380 -16.021 -0.18817 0.0656332 0 0 0 1
381 -16.0882 -0.178047 0.0656449 0 0 0 1
382 -16.1504 -0.160576 0.0670737 0 0 0 1
383 -16.2099 -0.141445 0.0659246 0 0 0 1
384 -16.2674 -0.125841 0.0612893 0 0 0 1
385 -16.3286 -0.110342 0.056576 0 0 0 1
386 -16.396 -0.10281 0.0574577 0 0 0 1
387 -16.4618 -0.105413 0.0571391 0 0 0 1
388 -16.5267 -0.10734 0.0697626 0 0 0 1
389 -16.5902 -0.113324 0.0811729 0 0 0 1
390 -16.651 -0.126531 0.091002 0 0 0 1
391 -16.7053 -0.132335 0.0937102 0 0 0 1
392 -16.7643 -0.133849 0.0924938 0 0 0 1
393 -16.8224 -0.129454 0.0732448 0 0 0 1
394 -16.8838 -0.130172 0.0581266 0 0 0 1
395 -16.963 -0.135534 0.0609929 0 0 0 1
396 -17.0308 -0.149642 0.0649581 0 0 0 1
397 -17.0915 -0.159585 0.0660583 0 0 0 1
398 -17.153 -0.171369 0.0639386 0 0 0 1
399 -17.213 -0.185943 0.0635225 0 0 0 1
400 -17.2814 -0.20201 0.0647555 0 0 0 1
401 -17.3461 -0.215603 0.0672816 0 0 0 1
402 -17.4133 -0.231609 0.0725103 0 0 0 1
403 -17.4812 -0.243073 0.0809107 0 0 0 1
404 -17.5555 -0.249021 0.0846636 0 0 0 1
405 -17.6271 -0.260267 0.0699695 0 0 0 1
406 -17.6965 -0.259086 0.0597154 0 0 0 1
407 -17.7716 -0.251062 0.0497205 0 0 0 1
408 -17.8505 -0.23791 0.0405945 0 0 0 1
409 -17.9282 -0.221554 0.039657 0 0 0 1
410 -18.0003 -0.211606 0.0450599 0 0 0 1
411 -18.0769 -0.208392 0.0517107 0 0 0 1
412 -18.1417 -0.217185 0.0595061 0 0 0 1
413 -18.215 -0.228169 0.0531092 0 0 0 1
414 -18.2855 -0.239057 0.0508872 0 0 0 1
415 -18.3587 -0.254543 0.0492795 0 0 0 1
416 -18.4354 -0.271967 0.0550507 0 0 0 1
417 -18.502 -0.292893 0.0588322 0 0 0 1
418 -18.5759 -0.298799 0.0621448 0 0 0 1
419 -18.6402 -0.287786 0.0622827 0 0 0 1
420 -18.7135 -0.276124 0.0575495 0 0 0 1
421 -18.7906 -0.263627 0.0514055 0 0 0 1
422 -18.8716 -0.25819 0.0473702 0 0 0 1
423 -18.9461 -0.25548 0.0558489 0 0 0 1
424 -19.0148 -0.262218 0.0643026 0 0 0 1
425 -19.0826 -0.263246 0.0687104 0 0 0 1
426 -19.1478 -0.270038 0.0675438 0 0 0 1
427 -19.2139 -0.273923 0.0633115 0 0 0 1
428 -19.2841 -0.273481 0.0616719 0 0 0 1
429 -19.3578 -0.278081 0.0618151 0 0 0 1
430 -19.438 -0.285482 0.0657382 0 0 0 1
431 -19.5135 -0.295598 0.0734792 0 0 0 1
432 -19.5886 -0.285323 0.0810412 0 0 0 1
433 -19.6623 -0.268819 0.0791729 0 0 0 1
434 -19.7418 -0.251975 0.0725364 0 0 0 1
435 -19.8249 -0.235687 0.068675 0 0 0 1
436 -19.9146 -0.22896 0.062986 0 0 0 1
437 -20.0034 -0.23227 0.0656551 0 0 0 1
438 -20.0832 -0.236476 0.0668057 0 0 0 1
439 -20.1558 -0.239103 0.0725313 0 0 0 1
440 -20.2304 -0.253403 0.0632132 0 0 0 1
441 -20.315 -0.269792 0.0502594 0 0 0 1
442 -20.4013 -0.284788 0.0429797 0 0 0 1
443 -20.4859 -0.299094 0.0531796 0 0 0 1
444 -20.5659 -0.3038 0.0677646 0 0 0 1
445 -20.6433 -0.307973 0.0787163 0 0 0 1
446 -20.7164 -0.301396 0.0770461 0 0 0 1
447 -20.7894 -0.296895 0.0713342 0 0 0 1
448 -20.8648 -0.293044 0.0632432 0 0 0 1
449 -20.9436 -0.290175 0.0642221 0 0 0 1
450 -21.0244 -0.291219 0.0731937 0 0 0 1
451 -21.0988 -0.29109 0.0859607 0 0 0 1
452 -21.1694 -0.291381 0.0992328 0 0 0 1
453 -21.2433 -0.296389 0.102501 0 0 0 1
454 -21.3189 -0.299908 0.102904 0 0 0 1
455 -21.3972 -0.304265 0.100206 0 0 0 1
456 -21.4793 -0.320728 0.0958809 0 0 0 1
457 -21.5596 -0.330237 0.0987785 0 0 0 1
458 -21.6432 -0.33115 0.101382 0 0 0 1
459 -21.7182 -0.318524 0.0943674 0 0 0 1
460 -21.7988 -0.304641 0.0868169 0 0 0 1
461 -21.8847 -0.292963 0.0776391 0 0 0 1
462 -21.9733 -0.292091 0.0697748 0 0 0 1
463 -22.0656 -0.298526 0.0795987 0 0 0 1
464 -22.1526 -0.310395 0.0888406 0 0 0 1
465 -22.2344 -0.318774 0.0998986 0 0 0 1
466 -22.3149 -0.332952 0.102258 0 0 0 1
467 -22.4005 -0.347224 0.0984318 0 0 0 1
468 -22.481 -0.362148 0.0870049 0 0 0 1
469 -22.5716 -0.362276 0.0917054 0 0 0 1
470 -22.6583 -0.358095 0.106201 0 0 0 1
471 -22.7415 -0.361869 0.118194 0 0 0 1
472 -22.8202 -0.357856 0.117996 0 0 0 1
473 -22.9003 -0.359364 0.117511 0 0 0 1
474 -22.9779 -0.363185 0.114109 0 0 0 1
475 -23.0628 -0.365275 0.112374 0 0 0 1
476 -23.1519 -0.378459 0.118349 0 0 0 1
477 -23.234 -0.390837 0.128502 0 0 0 1
478 -23.3102 -0.392428 0.136977 0 0 0 1
479 -23.384 -0.397889 0.138838 0 0 0 1
480 -23.4638 -0.403744 0.135229 0 0 0 1
481 -23.5442 -0.411627 0.117731 0 0 0 1
482 -23.6297 -0.408964 0.114112 0 0 0 1
483 -23.7145 -0.392223 0.117393 0 0 0 1
484 -23.7999 -0.376618 0.121839 0 0 0 1
485 -23.8822 -0.366957 0.125622 0 0 0 1
486 -23.9667 -0.357488 0.120571 0 0 0 1
487 -24.0535 -0.358408 0.111607 0 0 0 1
488 -24.1461 -0.363098 0.104602 0 0 0 1
489 -24.239 -0.379582 0.108948 0 0 0 1
490 -24.3222 -0.396741 0.113919 0 0 0 1
491 -24.4085 -0.408002 0.121996 0 0 0 1
492 -24.493 -0.42691 0.121104 0 0 0 1
493 -24.5709 -0.44668 0.111135 0 0 0 1
494 -24.6584 -0.45463 0.10791 0 0 0 1
495 -24.742 -0.459076 0.11356 0 0 0 1
496 -24.824 -0.461465 0.119226 0 0 0 1
497 -24.8987 -0.455802 0.120959 0 0 0 1
498 -24.9733 -0.450675 0.120231 0 0 0 1
499 -25.043 -0.449571 0.121842 0 0 0 1
500 -25.1195 -0.449325 0.115691 0 0 0 1
501 -25.203 -0.453959 0.109574 0 0 0 1
502 -25.2865 -0.459946 0.109026 0 0 0 1
503 -25.3651 -0.468996 0.122426 0 0 0 1
504 -25.4443 -0.468428 0.129633 0 0 0 1
505 -25.5209 -0.474412 0.131961 0 0 0 1
506 -25.6019 -0.485533 0.119133 0 0 0 1
507 -25.6882 -0.495692 0.111602 0 0 0 1
508 -25.7804 -0.501852 0.116164 0 0 0 1
509 -25.8693 -0.501236 0.121114 0 0 0 1
510 -25.954 -0.496775 0.126538 0 0 0 1
511 -26.031 -0.491069 0.125419 0 0 0 1
512 -26.1196 -0.491011 0.118397 0 0 0 1
513 -26.2167 -0.50078 0.103029 0 0 0 1
514 -26.3064 -0.51148 0.0898903 0 0 0 1
515 -26.4003 -0.534796 0.0926726 0 0 0 1
516 -26.4888 -0.552374 0.0994861 0 0 0 1
517 -26.5758 -0.559074 0.109145 0 0 0 1
518 -26.6527 -0.569916 0.111477 0 0 0 1
519 -26.739 -0.578582 0.104364 0 0 0 1
520 -26.8276 -0.567419 0.101299 0 0 0 1
521 -26.924 -0.566818 0.103483 0 0 0 1
522 -27.0178 -0.568609 0.111589 0 0 0 1
523 -27.1023 -0.564476 0.115794 0 0 0 1
524 -27.1778 -0.560761 0.11883 0 0 0 1
525 -27.2598 -0.556095 0.117789 0 0 0 1
526 -27.3481 -0.559972 0.114638 0 0 0 1
527 -27.4306 -0.569673 0.116077 0 0 0 1
528 -27.509 -0.574024 0.125474 0 0 0 1
529 -27.5824 -0.574115 0.133888 0 0 0 1
530 -27.6602 -0.577615 0.13718 0 0 0 1
531 -27.7435 -0.590497 0.122439 0 0 0 1
532 -27.8264 -0.5972 0.109975 0 0 0 1
533 -27.9085 -0.598126 0.109179 0 0 0 1
534 -27.992 -0.598392 0.118229 0 0 0 1
535 -28.0746 -0.597957 0.120591 0 0 0 1
536 -28.1545 -0.592643 0.11766 0 0 0 1
537 -28.2333 -0.596089 0.108012 0 0 0 1
538 -28.3226 -0.608929 0.0966916 0 0 0 1
539 -28.4123 -0.617995 0.0876291 0 0 0 1
540 -28.5048 -0.627609 0.0850547 0 0 0 1
541 -28.6013 -0.647447 0.0957754 0 0 0 1
542 -28.6928 -0.660415 0.108638 0 0 0 1
543 -28.77 -0.672101 0.11374 0 0 0 1
544 -28.851 -0.688509 0.108256 0 0 0 1
545 -28.9369 -0.686233 0.110096 0 0 0 1
546 -29.0214 -0.681209 0.111673 0 0 0 1
547 -29.1035 -0.680791 0.119484 0 0 0 1
548 -29.186 -0.674889 0.131636 0 0 0 1
549 -29.2668 -0.67843 0.138196 0 0 0 1
550 -29.3386 -0.678744 0.139698 0 0 0 1
551 -29.4123 -0.680345 0.138503 0 0 0 1
552 -29.5009 -0.678088 0.132715 0 0 0 1
553 -29.5855 -0.683989 0.129704 0 0 0 1
554 -29.6729 -0.695467 0.137131 0 0 0 1
555 -29.7538 -0.698512 0.152681 0 0 0 1
556 -29.8356 -0.705636 0.161072 0 0 0 1
557 -29.9215 -0.716191 0.157218 0 0 0 1
558 -30.0102 -0.712813 0.153342 0 0 0 1
559 -30.0967 -0.699789 0.15813 0 0 0 1
560 -30.1834 -0.693487 0.167331 0 0 0 1
561 -30.2725 -0.68629 0.165847 0 0 0 1
562 -30.3579 -0.68335 0.165479 0 0 0 1
563 -30.441 -0.688982 0.165476 0 0 0 1
564 -30.5327 -0.695618 0.157589 0 0 0 1
565 -30.6222 -0.706864 0.151524 0 0 0 1
566 -30.7137 -0.730023 0.153518 0 0 0 1
567 -30.7993 -0.744964 0.163793 0 0 0 1
568 -30.8817 -0.755938 0.170234 0 0 0 1
569 -30.9542 -0.770607 0.172595 0 0 0 1
570 -31.0334 -0.775271 0.175625 0 0 0 1
571 -31.117 -0.771354 0.177515 0 0 0 1
572 -31.2014 -0.771104 0.174732 0 0 0 1
573 -31.2827 -0.774192 0.182389 0 0 0 1
574 -31.3645 -0.782979 0.192225 0 0 0 1
575 -31.4327 -0.789381 0.1985 0 0 0 1
576 -31.5075 -0.789185 0.194699 0 0 0 1
577 -31.5851 -0.799747 0.192352 0 0 0 1
578 -31.6691 -0.799086 0.185841 0 0 0 1
579 -31.7516 -0.802716 0.186639 0 0 0 1
580 -31.8371 -0.807438 0.192799 0 0 0 1
581 -31.9138 -0.805835 0.194081 0 0 0 1
582 -31.9918 -0.808868 0.187278 0 0 0 1
583 -32.0718 -0.806917 0.182734 0 0 0 1
584 -32.1584 -0.804126 0.175336 0 0 0 1
585 -32.2444 -0.797194 0.16884 0 0 0 1
586 -32.3333 -0.797166 0.175092 0 0 0 1
587 -32.4194 -0.802187 0.184783 0 0 0 1
588 -32.5089 -0.807893 0.184933 0 0 0 1
589 -32.592 -0.812081 0.180737 0 0 0 1
590 -32.6799 -0.813576 0.174881 0 0 0 1
591 -32.7701 -0.825275 0.170896 0 0 0 1
592 -32.8608 -0.83408 0.165092 0 0 0 1
593 -32.9545 -0.844091 0.170047 0 0 0 1
594 -33.0344 -0.859344 0.172893 0 0 0 1
595 -33.1179 -0.8591 0.182516 0 0 0 1
596 -33.1993 -0.866367 0.186883 0 0 0 1
597 -33.2844 -0.875555 0.187088 0 0 0 1
598 -33.3712 -0.876273 0.186967 0 0 0 1
599 -33.4578 -0.882261 0.191817 0 0 0 1
600 -33.5372 -0.885191 0.201281 0 0 0 1
601 -33.6201 -0.890527 0.208599 0 0 0 1
602 -33.7005 -0.886995 0.209302 0 0 0 1
603 -33.788 -0.88809 0.206381 0 0 0 1
604 -33.8722 -0.887488 0.204462 0 0 0 1
605 -33.9557 -0.889141 0.208194 0 0 0 1
606 -34.0385 -0.890049 0.21674 0 0 0 1
607 -34.1166 -0.898008 0.215345 0 0 0 1
608 -34.193 -0.905773 0.208808 0 0 0 1
609 -34.2745 -0.911165 0.205563 0 0 0 1
610 -34.3589 -0.909669 0.204522 0 0 0 1
611 -34.4412 -0.913749 0.212421 0 0 0 1
612 -34.5182 -0.915107 0.228166 0 0 0 1
613 -34.6075 -0.923293 0.234817 0 0 0 1
614 -34.6899 -0.927533 0.228347 0 0 0 1
615 -34.7756 -0.927803 0.215334 0 0 0 1
616 -34.8655 -0.933506 0.209508 0 0 0 1
617 -34.9575 -0.939071 0.211899 0 0 0 1
618 -35.0478 -0.94987 0.218092 0 0 0 1
619 -35.1288 -0.959567 0.217368 0 0 0 1
620 -35.2097 -0.95873 0.213083 0 0 0 1
621 -35.2915 -0.963541 0.207847 0 0 0 1
622 -35.3834 -0.961618 0.205334 0 0 0 1
623 -35.4735 -0.962082 0.202978 0 0 0 1
624 -35.5596 -0.966179 0.211946 0 0 0 1
625 -35.6332 -0.975758 0.227957 0 0 0 1
626 -35.7129 -0.986089 0.236535 0 0 0 1
627 -35.7924 -0.988644 0.237809 0 0 0 1
628 -35.877 -0.990409 0.236617 0 0 0 1
629 -35.9661 -0.989608 0.229249 0 0 0 1
630 -36.0539 -0.996068 0.227194 0 0 0 1
631 -36.1434 -1.00327 0.232455 0 0 0 1
632 -36.2274 -1.00652 0.231188 0 0 0 1
633 -36.3093 -1.01252 0.229597 0 0 0 1
634 -36.393 -1.00937 0.229961 0 0 0 1
635 -36.473 -1.01012 0.225462 0 0 0 1
636 -36.558 -1.00751 0.226465 0 0 0 1
637 -36.6414 -1.00965 0.233083 0 0 0 1
638 -36.7326 -1.01763 0.239284 0 0 0 1
639 -36.8184 -1.02099 0.240841 0 0 0 1
640 -36.9044 -1.02756 0.225717 0 0 0 1
641 -36.9966 -1.0368 0.21456 0 0 0 1
642 -37.0861 -1.04369 0.204917 0 0 0 1
643 -37.1796 -1.05406 0.206148 0 0 0 1
644 -37.2642 -1.06941 0.21353 0 0 0 1
645 -37.3492 -1.07685 0.22099 0 0 0 1
646 -37.43 -1.0839 0.224334 0 0 0 1
647 -37.5147 -1.08668 0.222897 0 0 0 1
648 -37.6013 -1.08468 0.219043 0 0 0 1
649 -37.6835 -1.08866 0.220663 0 0 0 1
650 -37.7624 -1.0951 0.233708 0 0 0 1
651 -37.8455 -1.10191 0.244061 0 0 0 1
652 -37.9269 -1.09832 0.254958 0 0 0 1
653 -38.009 -1.1001 0.249961 0 0 0 1
654 -38.0995 -1.10314 0.242546 0 0 0 1
655 -38.1868 -1.09871 0.23143 0 0 0 1
656 -38.2833 -1.10027 0.233277 0 0 0 1
657 -38.3773 -1.10097 0.237055 0 0 0 1
658 -38.4626 -1.10969 0.235865 0 0 0 1
659 -38.5381 -1.12011 0.227517 0 0 0 1
660 -38.6235 -1.11791 0.225182 0 0 0 1
661 -38.7122 -1.12127 0.225657 0 0 0 1
662 -38.8033 -1.12514 0.233989 0 0 0 1
663 -38.8965 -1.13523 0.239277 0 0 0 1
664 -38.9929 -1.14501 0.237818 0 0 0 1
665 -39.0806 -1.15506 0.235553 0 0 0 1
666 -39.178 -1.16971 0.227965 0 0 0 1
667 -39.2828 -1.18453 0.220735 0 0 0 1
668 -39.3839 -1.19628 0.222423 0 0 0 1
669 -39.4844 -1.20857 0.231633 0 0 0 1
670 -39.57 -1.22276 0.233549 0 0 0 1
671 -39.65 -1.22779 0.239388 0 0 0 1
672 -39.7297 -1.23953 0.244472 0 0 0 1
673 -39.8133 -1.24597 0.245759 0 0 0 1
674 -39.8941 -1.25602 0.247538 0 0 0 1
675 -39.9762 -1.25834 0.250281 0 0 0 1
676 -40.0448 -1.26689 0.261903 0 0 0 1
677 -40.12 -1.26751 0.26057 0 0 0 1
678 -40.1991 -1.27276 0.254239 0 0 0 1
679 -40.288 -1.27984 0.244195 0 0 0 1
680 -40.3754 -1.28042 0.235998 0 0 0 1
681 -40.4701 -1.276 0.231541 0 0 0 1
682 -40.5632 -1.28199 0.240308 0 0 0 1
683 -40.6598 -1.28772 0.24221 0 0 0 1
684 -40.739 -1.29351 0.242404 0 0 0 1
685 -40.8242 -1.30262 0.242028 0 0 0 1
686 -40.9113 -1.29882 0.239435 0 0 0 1
687 -40.9974 -1.30689 0.24285 0 0 0 1
688 -41.0888 -1.31161 0.249642 0 0 0 1
689 -41.1803 -1.32426 0.255198 0 0 0 1
690 -41.2722 -1.33316 0.260385 0 0 0 1
691 -41.3648 -1.34439 0.261032 0 0 0 1
692 -41.4626 -1.35243 0.257748 0 0 0 1
693 -41.5589 -1.35571 0.253824 0 0 0 1
694 -41.6583 -1.36604 0.259934 0 0 0 1
695 -41.7486 -1.37844 0.263982 0 0 0 1
696 -41.8393 -1.37118 0.267702 0 0 0 1
697 -41.9158 -1.38567 0.270094 0 0 0 1
698 -42.001 -1.39055 0.266705 0 0 0 1
699 -42.0838 -1.39015 0.268307 0 0 0 1
700 -42.1714 -1.39353 0.274368 0 0 0 1
701 -42.2441 -1.40519 0.284054 0 0 0 1
702 -42.3241 -1.4141 0.292111 0 0 0 1
703 -42.4063 -1.42111 0.291864 0 0 0 1
704 -42.4914 -1.42599 0.285726 0 0 0 1
705 -42.5782 -1.42648 0.280813 0 0 0 1
706 -42.6675 -1.42943 0.276699 0 0 0 1
707 -42.7556 -1.43611 0.281255 0 0 0 1
708 -42.8435 -1.43926 0.289587 0 0 0 1
709 -42.9246 -1.44634 0.294312 0 0 0 1
710 -42.9996 -1.45832 0.295224 0 0 0 1
711 -43.0791 -1.46611 0.295097 0 0 0 1
712 -43.1623 -1.47377 0.297963 0 0 0 1
713 -43.2407 -1.48408 0.300438 0 0 0 1
714 -43.3126 -1.49133 0.303587 0 0 0 1
715 -43.3941 -1.49862 0.294224 0 0 0 1
716 -43.4712 -1.49914 0.281853 0 0 0 1
717 -43.5524 -1.50184 0.272643 0 0 0 1
718 -43.6396 -1.50572 0.262325 0 0 0 1
719 -43.7269 -1.50622 0.261292 0 0 0 1
720 -43.8055 -1.50905 0.274158 0 0 0 1
721 -43.8863 -1.50997 0.28438 0 0 0 1
722 -43.9479 -1.50839 0.290598 0 0 0 1
723 -44.0156 -1.50524 0.297315 0 0 0 1
724 -44.0829 -1.50419 0.300901 0 0 0 1
725 -44.1514 -1.5019 0.304322 0 0 0 1
726 -44.2151 -1.50404 0.31362 0 0 0 1
727 -44.2813 -1.51071 0.324762 0 0 0 1
728 -44.3527 -1.51773 0.332887 0 0 0 1
729 -44.422 -1.5188 0.32889 0 0 0 1
730 -44.4878 -1.51671 0.318528 0 0 0 1
731 -44.5634 -1.51929 0.307545 0 0 0 1
732 -44.6485 -1.5188 0.299118 0 0 0 1
733 -44.7337 -1.52924 0.29267 0 0 0 1
734 -44.8174 -1.53915 0.289179 0 0 0 1
735 -44.8974 -1.54264 0.296094 0 0 0 1
736 -44.9759 -1.54789 0.29835 0 0 0 1
737 -45.0609 -1.55092 0.296895 0 0 0 1
738 -45.1478 -1.54956 0.290707 0 0 0 1
739 -45.2374 -1.56004 0.287552 0 0 0 1
740 -45.3297 -1.57248 0.287873 0 0 0 1
741 -45.4231 -1.58341 0.294345 0 0 0 1
742 -45.5118 -1.58665 0.29667 0 0 0 1
743 -45.599 -1.59598 0.294156 0 0 0 1
744 -45.6927 -1.6046 0.28871 0 0 0 1
745 -45.7838 -1.61425 0.284166 0 0 0 1
746 -45.8826 -1.62017 0.276525 0 0 0 1
747 -45.9672 -1.63594 0.292442 0 0 0 1
748 -46.0454 -1.64198 0.306051 0 0 0 1
749 -46.1232 -1.63795 0.309555 0 0 0 1
750 -46.2034 -1.6463 0.308168 0 0 0 1
751 -46.289 -1.64416 0.305909 0 0 0 1
752 -46.3671 -1.65067 0.304348 0 0 0 1
753 -46.4491 -1.65491 0.315301 0 0 0 1
754 -46.5319 -1.65573 0.320338 0 0 0 1
755 -46.6118 -1.65026 0.324185 0 0 0 1
756 -46.691 -1.63828 0.326043 0 0 0 1
757 -46.7801 -1.62967 0.324199 0 0 0 1
758 -46.8727 -1.62818 0.311258 0 0 0 1
759 -46.9659 -1.62701 0.317421 0 0 0 1
760 -47.053 -1.63343 0.325519 0 0 0 1
761 -47.1385 -1.62868 0.336439 0 0 0 1
762 -47.2201 -1.63618 0.338355 0 0 0 1
763 -47.3047 -1.63378 0.33398 0 0 0 1
764 -47.399 -1.63653 0.330017 0 0 0 1
765 -47.4869 -1.6462 0.328232 0 0 0 1
766 -47.5769 -1.65652 0.330777 0 0 0 1
767 -47.6679 -1.66599 0.328284 0 0 0 1
768 -47.7561 -1.68088 0.326993 0 0 0 1
769 -47.8469 -1.69418 0.318391 0 0 0 1
770 -47.9416 -1.69669 0.309327 0 0 0 1
771 -48.0387 -1.69282 0.300007 0 0 0 1
772 -48.1345 -1.69685 0.309055 0 0 0 1
773 -48.218 -1.70757 0.318657 0 0 0 1
774 -48.3063 -1.69844 0.318417 0 0 0 1
775 -48.3855 -1.69962 0.317996 0 0 0 1
776 -48.4698 -1.69562 0.319851 0 0 0 1
777 -48.5604 -1.69259 0.314663 0 0 0 1
778 -48.6498 -1.69637 0.320061 0 0 0 1
779 -48.7389 -1.69471 0.336286 0 0 0 1
780 -48.823 -1.6875 0.348473 0 0 0 1
781 -48.8996 -1.67316 0.352274 0 0 0 1
782 -48.9867 -1.66715 0.350442 0 0 0 1
783 -49.0773 -1.65627 0.345272 0 0 0 1
784 -49.1674 -1.66542 0.338759 0 0 0 1
785 -49.2597 -1.66663 0.336093 0 0 0 1
786 -49.3521 -1.66278 0.345187 0 0 0 1
787 -49.4429 -1.66832 0.344178 0 0 0 1
788 -49.5315 -1.66802 0.337942 0 0 0 1
789 -49.6185 -1.67695 0.33298 0 0 0 1
790 -49.7047 -1.69187 0.332085 0 0 0 1
791 -49.7937 -1.70438 0.33949 0 0 0 1
792 -49.8766 -1.72163 0.34672 0 0 0 1
793 -49.9624 -1.73188 0.351508 0 0 0 1
794 -50.0474 -1.74285 0.347303 0 0 0 1
795 -50.1357 -1.74583 0.345192 0 0 0 1
796 -50.2165 -1.74112 0.343511 0 0 0 1
797 -50.3066 -1.73939 0.352878 0 0 0 1
798 -50.3802 -1.7449 0.366649 0 0 0 1
799 -50.4639 -1.73582 0.374935 0 0 0 1
800 -50.5366 -1.73561 0.375137 0 0 0 1
801 -50.6128 -1.73818 0.374397 0 0 0 1
802 -50.6908 -1.73913 0.373821 0 0 0 1
803 -50.774 -1.74274 0.374261 0 0 0 1
804 -50.8501 -1.74912 0.385561 0 0 0 1
805 -50.9226 -1.74835 0.394822 0 0 0 1
806 -50.9906 -1.74607 0.399522 0 0 0 1
807 -51.0571 -1.73889 0.404335 0 0 0 1
808 -51.1356 -1.73186 0.403616 0 0 0 1
809 -51.2138 -1.72044 0.396832 0 0 0 1
810 -51.2955 -1.72079 0.398563 0 0 0 1
811 -51.3818 -1.71487 0.412856 0 0 0 1
812 -51.4632 -1.69986 0.42278 0 0 0 1
813 -51.5419 -1.685 0.430452 0 0 0 1
814 -51.6221 -1.67551 0.42499 0 0 0 1
815 -51.7125 -1.66864 0.41509 0 0 0 1
816 -51.802 -1.66144 0.404166 0 0 0 1
817 -51.8906 -1.65922 0.403141 0 0 0 1
818 -51.9771 -1.66048 0.403088 0 0 0 1
819 -52.0633 -1.66338 0.410006 0 0 0 1
820 -52.1466 -1.66604 0.413301 0 0 0 1
821 -52.2312 -1.66623 0.414084 0 0 0 1
822 -52.3268 -1.6648 0.410254 0 0 0 1
823 -52.4183 -1.64953 0.41199 0 0 0 1
824 -52.5109 -1.64599 0.423572 0 0 0 1
825 -52.5955 -1.6418 0.42999 0 0 0 1
826 -52.6757 -1.63254 0.430432 0 0 0 1
827 -52.7518 -1.63049 0.425815 0 0 0 1
828 -52.8382 -1.62169 0.41285 0 0 0 1
829 -52.9258 -1.61581 0.405007 0 0 0 1
830 -53.0129 -1.61303 0.411613 0 0 0 1
831 -53.0935 -1.61376 0.423694 0 0 0 1
832 -53.1832 -1.60726 0.433289 0 0 0 1
833 -53.2663 -1.59637 0.438544 0 0 0 1
834 -53.356 -1.59648 0.433752 0 0 0 1
835 -53.4508 -1.59074 0.428415 0 0 0 1
836 -53.5464 -1.58916 0.43134 0 0 0 1
837 -53.6372 -1.58019 0.433481 0 0 0 1
838 -53.7296 -1.57174 0.434059 0 0 0 1
839 -53.8181 -1.56682 0.429847 0 0 0 1
840 -53.9092 -1.56968 0.421372 0 0 0 1
841 -54.0091 -1.57608 0.412564 0 0 0 1
842 -54.1034 -1.5909 0.415762 0 0 0 1
843 -54.1971 -1.60641 0.419386 0 0 0 1
844 -54.2904 -1.62026 0.429973 0 0 0 1
845 -54.3811 -1.63543 0.435093 0 0 0 1
846 -54.4691 -1.63742 0.431845 0 0 0 1
847 -54.5628 -1.63579 0.424303 0 0 0 1
848 -54.6544 -1.63452 0.426006 0 0 0 1
849 -54.7449 -1.64179 0.431965 0 0 0 1
850 -54.8305 -1.64482 0.441326 0 0 0 1
851 -54.9121 -1.64448 0.44429 0 0 0 1
852 -54.997 -1.65034 0.43347 0 0 0 1
853 -55.0887 -1.65532 0.4297 0 0 0 1
854 -55.1792 -1.65914 0.425431 0 0 0 1
855 -55.2681 -1.66343 0.429761 0 0 0 1
856 -55.3539 -1.67113 0.43831 0 0 0 1
857 -55.4368 -1.67279 0.444754 0 0 0 1
858 -55.518 -1.67223 0.446188 0 0 0 1
859 -55.6063 -1.67426 0.441474 0 0 0 1
860 -55.6973 -1.67598 0.435058 0 0 0 1
861 -55.7851 -1.66855 0.434206 0 0 0 1
862 -55.8759 -1.66062 0.436731 0 0 0 1
863 -55.9583 -1.65189 0.441882 0 0 0 1
864 -56.0289 -1.6418 0.445223 0 0 0 1
865 -56.1004 -1.64217 0.443652 0 0 0 1
866 -56.1736 -1.64413 0.434464 0 0 0 1
867 -56.241 -1.64828 0.4292 0 0 0 1
868 -56.3094 -1.66016 0.432172 0 0 0 1
869 -56.3708 -1.67449 0.438691 0 0 0 1
870 -56.4336 -1.68592 0.44579 0 0 0 1
871 -56.4812 -1.69325 0.447496 0 0 0 1
872 -56.5293 -1.70067 0.449001 0 0 0 1
873 -56.5717 -1.70842 0.445767 0 0 0 1
874 -56.6115 -1.70036 0.446873 0 0 0 1
875 -56.652 -1.69677 0.453637 0 0 0 1
876 -56.6946 -1.69693 0.462797 0 0 0 1
877 -56.7372 -1.69299 0.469429 0 0 0 1
878 -56.7771 -1.69342 0.465904 0 0 0 1
879 -56.8125 -1.70178 0.460287 0 0 0 1
880 -56.8485 -1.70475 0.45126 0 0 0 1
881 -56.8905 -1.70145 0.445323 0 0 0 1
882 -56.9304 -1.70232 0.445858 0 0 0 1
883 -56.9702 -1.70476 0.450948 0 0 0 1
884 -57.0111 -1.70646 0.46088 0 0 0 1
885 -57.0487 -1.71754 0.471091 0 0 0 1
886 -57.086 -1.72925 0.473564 0 0 0 1
887 -57.1252 -1.73532 0.475602 0 0 0 1
888 -57.1607 -1.74052 0.473847 0 0 0 1
889 -57.1968 -1.74054 0.466445 0 0 0 1
890 -57.2362 -1.74216 0.457611 0 0 0 1
891 -57.2886 -1.74802 0.454748 0 0 0 1
892 -57.3332 -1.75583 0.454438 0 0 0 1
893 -57.3825 -1.76366 0.455589 0 0 0 1
894 -57.4364 -1.77445 0.457617 0 0 0 1
895 -57.4909 -1.78043 0.461725 0 0 0 1
896 -57.5428 -1.78973 0.46722 0 0 0 1
897 -57.592 -1.80085 0.468018 0 0 0 1
898 -57.638 -1.80575 0.465335 0 0 0 1
899 -57.6863 -1.79852 0.466995 0 0 0 1
900 -57.7388 -1.79684 0.472285 0 0 0 1
901 -57.7917 -1.80287 0.479203 0 0 0 1
902 -57.8467 -1.8054 0.488017 0 0 0 1
903 -57.9082 -1.8173 0.489799 0 0 0 1
904 -57.964 -1.82526 0.491248 0 0 0 1
905 -58.018 -1.83346 0.489829 0 0 0 1
906 -58.0722 -1.8348 0.482888 0 0 0 1
907 -58.132 -1.83055 0.474276 0 0 0 1
908 -58.1931 -1.82384 0.474238 0 0 0 1
909 -58.258 -1.81735 0.480692 0 0 0 1
910 -58.3225 -1.81153 0.482479 0 0 0 1
911 -58.3891 -1.80852 0.483323 0 0 0 1
912 -58.447 -1.81681 0.48004 0 0 0 1
913 -58.5095 -1.82232 0.474491 0 0 0 1
914 -58.5766 -1.82097 0.464799 0 0 0 1
915 -58.644 -1.82551 0.459391 0 0 0 1
916 -58.7178 -1.84259 0.467748 0 0 0 1
917 -58.7932 -1.86625 0.472484 0 0 0 1
918 -58.8664 -1.88711 0.477506 0 0 0 1
919 -58.9291 -1.90087 0.47432 0 0 0 1
920 -58.9957 -1.91633 0.46635 0 0 0 1
921 -59.0666 -1.93293 0.456832 0 0 0 1
922 -59.1363 -1.93404 0.450271 0 0 0 1
923 -59.2166 -1.93989 0.444119 0 0 0 1
924 -59.2908 -1.94629 0.453754 0 0 0 1
925 -59.3626 -1.95115 0.461529 0 0 0 1
926 -59.4223 -1.95526 0.469171 0 0 0 1
927 -59.4865 -1.95675 0.471399 0 0 0 1
928 -59.5522 -1.95584 0.472378 0 0 0 1
929 -59.617 -1.95496 0.470317 0 0 0 1
930 -59.6882 -1.96318 0.473133 0 0 0 1
931 -59.7603 -1.96494 0.481702 0 0 0 1
932 -59.8288 -1.96471 0.489982 0 0 0 1
933 -59.8922 -1.96158 0.491525 0 0 0 1
934 -59.9568 -1.95276 0.487623 0 0 0 1
935 -60.0299 -1.95191 0.476617 0 0 0 1
936 -60.1105 -1.95302 0.461664 0 0 0 1
937 -60.1895 -1.95239 0.466903 0 0 0 1
938 -60.2694 -1.95145 0.479795 0 0 0 1
939 -60.3449 -1.94881 0.489534 0 0 0 1
940 -60.4225 -1.94613 0.484813 0 0 0 1
941 -60.499 -1.94976 0.478702 0 0 0 1
942 -60.5832 -1.95987 0.470887 0 0 0 1
943 -60.6674 -1.96924 0.469402 0 0 0 1
944 -60.7519 -1.98247 0.478847 0 0 0 1
945 -60.8348 -1.99824 0.48825 0 0 0 1
946 -60.9203 -2.01387 0.494866 0 0 0 1
947 -60.9941 -2.02242 0.492837 0 0 0 1
948 -61.0804 -2.03011 0.479366 0 0 0 1
949 -61.1656 -2.03099 0.469723 0 0 0 1
950 -61.2539 -2.02756 0.466286 0 0 0 1
951 -61.334 -2.01997 0.475961 0 0 0 1
952 -61.4125 -2.0176 0.478494 0 0 0 1
953 -61.4892 -2.01636 0.480362 0 0 0 1
954 -61.56 -2.0141 0.473829 0 0 0 1
955 -61.6443 -2.01379 0.471432 0 0 0 1
956 -61.7251 -2.01272 0.470402 0 0 0 1
957 -61.8106 -2.00905 0.476571 0 0 0 1
958 -61.8894 -2.01614 0.484087 0 0 0 1
959 -61.9698 -2.01626 0.496101 0 0 0 1
960 -62.0445 -2.02352 0.486815 0 0 0 1
961 -62.1276 -2.03033 0.474347 0 0 0 1
962 -62.2121 -2.02778 0.459589 0 0 0 1
963 -62.3039 -2.02913 0.459168 0 0 0 1
964 -62.3969 -2.02648 0.47369 0 0 0 1
965 -62.4882 -2.0203 0.482842 0 0 0 1
966 -62.5684 -2.01861 0.487636 0 0 0 1
967 -62.6453 -2.02091 0.481959 0 0 0 1
968 -62.7272 -2.03306 0.473809 0 0 0 1
969 -62.8137 -2.04213 0.46829 0 0 0 1
970 -62.9049 -2.05764 0.475184 0 0 0 1
971 -62.9909 -2.07432 0.484898 0 0 0 1
972 -63.0687 -2.08392 0.491432 0 0 0 1
973 -63.1438 -2.08918 0.482967 0 0 0 1
974 -63.2248 -2.09071 0.470778 0 0 0 1
975 -63.3097 -2.0886 0.466073 0 0 0 1
976 -63.3924 -2.08535 0.465496 0 0 0 1
977 -63.478 -2.08842 0.47731 0 0 0 1
978 -63.5514 -2.08649 0.487599 0 0 0 1
979 -63.6249 -2.08879 0.48701 0 0 0 1
980 -63.6941 -2.08581 0.483413 0 0 0 1
981 -63.7747 -2.07754 0.479912 0 0 0 1
982 -63.8541 -2.07352 0.473569 0 0 0 1
983 -63.9407 -2.0729 0.481708 0 0 0 1
984 -64.0231 -2.06316 0.498805 0 0 0 1
985 -64.1044 -2.05848 0.513118 0 0 0 1
986 -64.1804 -2.05826 0.512572 0 0 0 1
987 -64.2629 -2.05787 0.504703 0 0 0 1
988 -64.3419 -2.05008 0.497594 0 0 0 1
989 -64.4279 -2.04609 0.491028 0 0 0 1
990 -64.5178 -2.0463 0.496991 0 0 0 1
991 -64.5988 -2.04375 0.501071 0 0 0 1
992 -64.6861 -2.04832 0.502242 0 0 0 1
993 -64.7663 -2.06749 0.498481 0 0 0 1
994 -64.8478 -2.09287 0.493659 0 0 0 1
995 -64.9289 -2.11083 0.495246 0 0 0 1
996 -65.0066 -2.13377 0.502932 0 0 0 1
997 -65.083 -2.15476 0.513806 0 0 0 1
998 -65.1507 -2.17424 0.518983 0 0 0 1
999 -65.2224 -2.18085 0.52186 0 0 0 1
1000 -65.2954 -2.17764 0.512714 0 0 0 1
1001 -65.3747 -2.17327 0.5042 0 0 0 1
1002 -65.4579 -2.17577 0.503999 0 0 0 1
1003 -65.54 -2.16832 0.504178 0 0 0 1
1004 -65.6098 -2.16913 0.5192 0 0 0 1
1005 -65.6897 -2.16134 0.527638 0 0 0 1
1006 -65.7624 -2.15652 0.525624 0 0 0 1
1007 -65.8411 -2.1586 0.516341 0 0 0 1
1008 -65.9242 -2.16182 0.510704 0 0 0 1
1009 -66.0038 -2.16779 0.512809 0 0 0 1
1010 -66.0868 -2.17385 0.523874 0 0 0 1
1011 -66.1666 -2.18748 0.528148 0 0 0 1
1012 -66.2524 -2.19258 0.525717 0 0 0 1
1013 -66.3347 -2.19666 0.51965 0 0 0 1
1014 -66.4283 -2.2 0.512424 0 0 0 1
1015 -66.5179 -2.20229 0.508076 0 0 0 1
1016 -66.6098 -2.2093 0.51241 0 0 0 1
1017 -66.6994 -2.22091 0.519369 0 0 0 1
1018 -66.7932 -2.22909 0.527791 0 0 0 1
1019 -66.8843 -2.2448 0.523433 0 0 0 1
1020 -66.9739 -2.25677 0.511492 0 0 0 1
1021 -67.067 -2.27182 0.506469 0 0 0 1
1022 -67.1606 -2.28829 0.515247 0 0 0 1
1023 -67.2421 -2.30873 0.524585 0 0 0 1
1024 -67.3337 -2.32522 0.522209 0 0 0 1
1025 -67.4202 -2.32286 0.516236 0 0 0 1
1026 -67.5059 -2.32481 0.507172 0 0 0 1
1027 -67.5951 -2.32581 0.507061 0 0 0 1
1028 -67.6804 -2.32875 0.513744 0 0 0 1
1029 -67.7645 -2.33464 0.540082 0 0 0 1
1030 -67.8456 -2.3365 0.560797 0 0 0 1
1031 -67.9189 -2.34584 0.56694 0 0 0 1
1032 -68.002 -2.35768 0.564948 0 0 0 1
1033 -68.0883 -2.36913 0.559886 0 0 0 1
1034 -68.171 -2.38363 0.556562 0 0 0 1
1035 -68.2507 -2.39681 0.562584 0 0 0 1
1036 -68.3333 -2.41206 0.56375 0 0 0 1
1037 -68.4224 -2.43046 0.559248 0 0 0 1
1038 -68.5117 -2.4358 0.553495 0 0 0 1
1039 -68.6055 -2.44125 0.546453 0 0 0 1
1040 -68.7024 -2.44117 0.533094 0 0 0 1
1041 -68.7941 -2.44738 0.533923 0 0 0 1
1042 -68.8783 -2.46671 0.536554 0 0 0 1
1043 -68.9687 -2.47623 0.549671 0 0 0 1
1044 -69.0574 -2.49379 0.546148 0 0 0 1
1045 -69.1512 -2.50867 0.538256 0 0 0 1
1046 -69.2432 -2.52641 0.526291 0 0 0 1
1047 -69.3359 -2.54397 0.524245 0 0 0 1
1048 -69.4228 -2.56227 0.524774 0 0 0 1
1049 -69.5159 -2.57852 0.522943 0 0 0 1
1050 -69.5985 -2.58346 0.516412 0 0 0 1
1051 -69.6868 -2.58575 0.510781 0 0 0 1
1052 -69.7719 -2.58671 0.508107 0 0 0 1
1053 -69.8547 -2.58341 0.509248 0 0 0 1
1054 -69.9353 -2.58719 0.520656 0 0 0 1
1055 -70.0078 -2.58693 0.537679 0 0 0 1
1056 -70.0841 -2.5904 0.543809 0 0 0 1
1057 -70.1617 -2.59248 0.544653 0 0 0 1
1058 -70.2526 -2.59122 0.538557 0 0 0 1
1059 -70.3368 -2.59775 0.536015 0 0 0 1
1060 -70.4262 -2.60602 0.537987 0 0 0 1
1061 -70.5094 -2.62343 0.533268 0 0 0 1
1062 -70.5974 -2.63253 0.530363 0 0 0 1
1063 -70.681 -2.64154 0.523886 0 0 0 1
1064 -70.7681 -2.63906 0.515502 0 0 0 1
1065 -70.8523 -2.63028 0.506683 0 0 0 1
1066 -70.9463 -2.62478 0.508908 0 0 0 1
1067 -71.0361 -2.62654 0.517962 0 0 0 1
1068 -71.1324 -2.62416 0.533416 0 0 0 1
1069 -71.2195 -2.63327 0.540356 0 0 0 1
1070 -71.3078 -2.64455 0.539164 0 0 0 1
1071 -71.3933 -2.65289 0.536424 0 0 0 1
1072 -71.4782 -2.66826 0.531919 0 0 0 1
1073 -71.5653 -2.69217 0.535049 0 0 0 1
1074 -71.651 -2.70356 0.537262 0 0 0 1
1075 -71.7283 -2.70603 0.539052 0 0 0 1
1076 -71.8029 -2.70647 0.53163 0 0 0 1
1077 -71.8864 -2.69974 0.521326 0 0 0 1
1078 -71.9697 -2.7006 0.521503 0 0 0 1
1079 -72.0515 -2.69687 0.528024 0 0 0 1
1080 -72.127 -2.69888 0.546545 0 0 0 1
1081 -72.2065 -2.69521 0.559851 0 0 0 1
1082 -72.2757 -2.69363 0.562738 0 0 0 1
1083 -72.3543 -2.69046 0.562111 0 0 0 1
1084 -72.4365 -2.68682 0.559971 0 0 0 1
1085 -72.5214 -2.68625 0.556674 0 0 0 1
1086 -72.6086 -2.69427 0.558892 0 0 0 1
1087 -72.6958 -2.69751 0.552341 0 0 0 1
1088 -72.7821 -2.69641 0.551876 0 0 0 1
1089 -72.8653 -2.69796 0.547118 0 0 0 1
1090 -72.9524 -2.69594 0.544235 0 0 0 1
1091 -73.0357 -2.69201 0.538992 0 0 0 1
1092 -73.1299 -2.69317 0.540479 0 0 0 1
1093 -73.2181 -2.70172 0.543554 0 0 0 1
1094 -73.3048 -2.70755 0.550822 0 0 0 1
1095 -73.3922 -2.71647 0.55124 0 0 0 1
1096 -73.4786 -2.73383 0.543455 0 0 0 1
1097 -73.5692 -2.74033 0.539272 0 0 0 1
1098 -73.6611 -2.75614 0.537021 0 0 0 1
1099 -73.7471 -2.76848 0.542094 0 0 0 1
1100 -73.8289 -2.7797 0.54785 0 0 0 1
1101 -73.9104 -2.76762 0.552513 0 0 0 1
1102 -73.9872 -2.76674 0.545252 0 0 0 1
1103 -74.0675 -2.76297 0.529193 0 0 0 1
1104 -74.149 -2.75469 0.520681 0 0 0 1
1105 -74.2277 -2.75132 0.524079 0 0 0 1
1106 -74.3146 -2.7538 0.535777 0 0 0 1
1107 -74.4 -2.75173 0.550509 0 0 0 1
1108 -74.4811 -2.75887 0.557245 0 0 0 1
1109 -74.5655 -2.76742 0.553916 0 0 0 1
1110 -74.6538 -2.77343 0.549867 0 0 0 1
1111 -74.7433 -2.78652 0.551454 0 0 0 1
1112 -74.8331 -2.79834 0.555787 0 0 0 1
1113 -74.9215 -2.8025 0.558687 0 0 0 1
1114 -75.0027 -2.80546 0.556166 0 0 0 1
1115 -75.0872 -2.80452 0.548637 0 0 0 1
1116 -75.1794 -2.80432 0.539819 0 0 0 1
1117 -75.2842 -2.80455 0.526406 0 0 0 1
1118 -75.3859 -2.80799 0.535354 0 0 0 1
1119 -75.4774 -2.81189 0.556005 0 0 0 1
1120 -75.5673 -2.82262 0.561458 0 0 0 1
1121 -75.6569 -2.84395 0.556929 0 0 0 1
1122 -75.7555 -2.8601 0.548546 0 0 0 1
1123 -75.8528 -2.87868 0.542187 0 0 0 1
1124 -75.943 -2.90378 0.549024 0 0 0 1
1125 -76.0346 -2.92223 0.552202 0 0 0 1
1126 -76.1202 -2.91451 0.550018 0 0 0 1
1127 -76.2092 -2.90851 0.539357 0 0 0 1
1128 -76.2987 -2.89958 0.530911 0 0 0 1
1129 -76.3864 -2.89277 0.525423 0 0 0 1
1130 -76.4743 -2.89131 0.536711 0 0 0 1
1131 -76.5617 -2.88636 0.55195 0 0 0 1
