0 0.0155722 0.112568
1 0.0171754 0.116379
2 0.0184704 0.117733
3 0.0197133 0.119339
4 0.0203504 0.1199
5 0.0209669 0.119881
6 0.0218303 0.121456
7 0.0227192 0.121658
8 0.0229447 0.122116
9 0.0233959 0.122501
10 0.0238704 0.123299
11 0.0251037 0.126514
12 0.0261243 0.127209
13 0.0266823 0.128143
14 0.0271865 0.12886
15 0.0278501 0.130043
16 0.0283472 0.131027
17 0.028747 0.132046
18 0.0291911 0.123932
19 0.0299722 0.125351
20 0.0498661 0.121235
21 0.0668693 0.125813
22 0.0836987 0.127285
23 0.100675 0.128586
24 0.117578 0.127701
25 0.134199 0.129211
26 0.150284 0.129478
27 0.166006 0.131683
28 0.181922 0.13409
29 0.198038 0.134354
30 0.21326 0.134899
31 0.228619 0.136612
32 0.243659 0.138821
33 0.25924 0.139595
34 0.274176 0.139244
35 0.289158 0.141563
36 0.303815 0.141022
37 0.320317 0.143986
38 0.335175 0.143215
39 0.350456 0.144756
40 0.64148 0.195301
41 0.910279 0.233326
42 1.04855 0.235508
43 1.16755 0.242683
44 1.2926 0.244022
45 1.40484 0.249573
46 1.52162 0.245174
47 1.6378 0.254101
48 1.76117 0.255165
49 1.88121 0.257576
50 2.00072 0.261223
51 2.11307 0.265472
52 2.23318 0.276016
53 2.34016 0.273861
54 2.44959 0.275078
55 2.557 0.279327
56 2.66144 0.279823
57 2.76591 0.286118
58 2.86862 0.287308
59 2.96181 0.29113
60 3.08007 0.281429
61 3.17557 0.294827
62 3.27209 0.297882
63 3.36761 0.300621
64 3.46801 0.30484
65 3.55629 0.309891
66 3.6477 0.311752
67 3.73611 0.319008
68 3.83756 0.321373
69 3.95352 0.33699
70 4.05366 0.340401
71 4.15609 0.349701
72 4.2884 0.35479
73 4.43965 0.377567
74 4.61362 0.37616
75 4.81031 0.385803
76 4.96625 0.39497
77 5.18123 0.402382
78 5.39208 0.409931
79 5.55143 0.421318
80 5.66674 0.416874
81 5.75994 0.43071
82 5.83759 0.435452
83 5.9226 0.44371
84 6.02202 0.44656
85 6.16553 0.454742
86 6.36763 0.465755
87 6.57841 0.475777
88 6.74138 0.480705
89 6.90555 0.486015
90 7.08035 0.491814
91 7.2217 0.500248
92 7.34183 0.50404
93 7.44932 0.512691
94 7.52988 0.514751
95 7.59509 0.518513
96 7.67148 0.522038
97 7.77177 0.528252
98 7.92284 0.535202
99 8.10446 0.563858
100 8.28725 0.54422
101 8.45063 0.558777
102 8.63365 0.567154
103 8.7929 0.574348
104 8.92001 0.576996
105 9.01668 0.585449
106 9.08743 0.591438
107 9.1251 0.597279
108 9.16852 0.599464
109 9.23414 0.605816
110 9.37575 0.619415
111 9.53524 0.627731
112 60.5404 1.62185
113 60.5973 1.71431
114 60.5853 1.7292
115 60.5066 1.73651
116 60.4922 1.73973
117 60.3485 1.75138
118 60.142 1.76805
119 59.9803 1.77599
120 59.8617 1.70869
121 59.7373 1.7621
122 59.6146 1.77046
123 59.5717 1.77964
124 59.5192 1.78561
125 59.4728 1.79585
126 59.3654 1.80006
127 59.4392 1.8086
128 59.534 1.80733
129 59.57 1.79689
130 59.5236 1.80483
131 59.3463 1.81152
132 59.1612 1.81574
133 58.9711 1.82084
134 58.9618 1.8236
135 58.8643 1.82646
136 58.9546 1.82865
137 58.9667 1.83484
138 58.8872 1.84354
139 58.8676 1.85237
140 58.8886 1.80834
141 58.952 1.85145
142 58.7997 1.86158
143 58.6674 1.86632
144 58.4919 1.87258
145 58.3094 1.87497
146 58.1407 1.87659
147 58.0038 1.87998
148 57.8721 1.88315
149 57.804 1.88606
150 57.8985 1.91882
151 58.0884 1.90084
152 58.0526 1.90799
153 58.2036 1.91405
154 58.2942 1.9202
155 58.1859 1.92826
156 58.0643 1.92293
157 57.9363 1.93046
158 57.8648 1.93275
159 57.737 1.9359
160 57.6236 1.87281
161 57.6343 1.91859
162 57.6759 1.92857
163 57.7275 1.938
164 57.731 1.95112
165 57.8311 1.95485
166 57.7599 1.95985
167 57.7689 1.96057
168 57.7302 1.97754
169 57.7541 1.98109
170 57.7383 1.98081
171 57.6568 1.98277
172 57.6221 1.98499
173 57.7823 1.9893
174 57.911 1.99419
175 58.0946 2.01847
176 58.3299 1.8455
177 58.2524 1.85394
178 58.2979 1.8633
179 58.3807 1.86548
180 58.4263 1.78742
181 58.3443 1.83595
182 58.2503 1.86671
183 58.1368 1.86939
184 58.0195 1.87416
185 57.9867 1.87602
186 57.99 1.8861
187 58.0368 1.89676
188 58.098 1.90976
189 58.138 1.90883
190 58.1515 1.9177
191 58.1884 1.91463
192 58.1663 1.91805
193 58.3304 1.92175
194 58.2497 1.92974
195 58.1971 1.92171
196 58.0994 1.9253
197 58.1473 1.93441
198 58.095 1.93774
199 58.0621 1.94339
200 58.2609 1.83471
201 58.3774 1.84236
202 58.4062 1.85315
203 58.491 1.87153
204 58.5923 1.87458
205 58.5525 1.87976
206 58.4835 1.88723
207 58.4006 1.90118
208 58.3747 1.90183
209 58.2792 1.9048
210 58.2187 1.90719
211 58.1672 1.90888
212 58.2521 1.9124
213 58.4013 1.93203
214 58.54 1.93723
215 58.6447 1.94054
216 58.6828 1.9473
217 58.6709 1.95146
218 58.5634 1.9538
219 58.4489 1.94587
220 58.5581 1.85342
221 58.5121 1.91416
222 58.432 1.92503
223 58.329 1.93064
224 58.3826 1.93846
225 58.5384 1.95075
226 58.5959 1.96311
227 58.6675 1.96608
228 58.7619 1.94775
229 58.8082 1.95352
230 58.7732 1.95765
231 58.6924 1.96432
232 58.6034 1.96715
233 58.4935 1.97335
234 58.2842 1.977
235 58.0916 1.9791
236 57.9787 1.9826
237 57.8847 1.98579
238 57.8528 1.9866
239 57.8944 2.01021
240 57.9273 1.88874
241 57.999 1.95162
242 57.9482 1.96854
243 57.8345 1.97556
244 57.7007 1.96914
245 57.5156 1.97378
246 57.3309 1.9794
247 57.329 1.98815
248 57.3779 2.03039
249 57.2925 2.03534
250 57.2229 2.03778
251 57.1524 2.04357
252 57.1988 2.05032
253 57.1762 1.97315
254 57.3657 1.99844
255 57.3814 1.99942
256 57.3721 2.00543
257 57.3244 2.00845
258 57.2051 2.0119
259 57.061 2.00978
260 56.9804 1.90324
261 56.9068 1.96354
262 56.8419 1.97219
263 56.8437 1.98625
264 56.8291 1.99511
265 56.8231 2.01409
266 56.8634 2.02876
267 56.8142 2.03268
268 56.7731 2.03295
269 56.8111 2.04638
270 56.7388 2.04548
271 56.5939 2.04442
272 56.4496 2.05219
273 56.2978 2.05624
274 56.2659 2.0341
275 56.1966 2.06172
276 56.231 2.07124
277 56.2782 2.07891
278 56.3434 2.08443
279 56.3539 2.06294
280 56.3701 1.94275
281 56.3411 2.0093
282 56.2873 2.02379
283 56.1744 2.03054
284 56.0529 2.03988
285 55.9088 2.05068
286 55.8287 2.05593
287 55.71 2.06681
288 55.7619 2.07321
289 55.8059 2.09243
290 55.7195 2.10066
291 55.6941 2.10484
292 55.7006 2.1221
293 55.6724 2.12815
294 55.5678 2.13105
295 55.4255 2.13663
296 55.2822 2.14887
297 55.1331 2.16232
298 54.9887 2.16304
299 54.908 2.17288
300 54.9248 2.06482
301 54.9994 2.13406
302 55.0147 2.14151
303 55.0936 2.14935
304 55.0995 2.16291
305 55.1358 2.14294
306 55.138 2.15013
307 55.0305 2.1554
308 54.9113 2.15932
309 54.756 2.15243
310 54.6218 2.15845
311 54.507 2.16142
312 54.4532 2.17253
313 54.4238 2.1815
314 54.481 2.18603
315 54.5843 2.18985
316 54.6864 2.18143
317 54.6284 2.18809
318 54.5713 2.1929
319 54.4909 2.20941
320 54.4677 2.11215
321 54.4341 2.16989
322 54.3112 2.181
323 54.1791 2.18434
324 54.079 2.18616
325 53.9677 2.1931
326 53.9583 2.20269
327 53.9417 2.21302
328 54.0193 2.21984
329 54.0638 2.23345
330 54.089 2.24545
331 54.0823 2.24075
332 54.0214 2.22158
333 53.9376 2.21486
334 53.8602 2.21365
335 53.7465 2.21957
336 53.6475 2.22305
337 53.6665 2.23096
338 53.7545 2.23587
339 53.8053 2.23243
340 53.8628 2.11425
341 53.9109 2.17886
342 53.9172 2.1889
343 53.8864 2.21169
344 53.8123 2.22708
345 53.7361 2.23806
346 53.659 2.24659
347 53.5619 2.2507
348 53.4776 2.2536
349 53.3933 2.25775
350 53.3221 2.26346
351 53.3192 2.2636
352 53.316 2.2762
353 53.36 2.2841
354 53.5038 2.29192
355 53.5766 2.29926
356 53.6125 2.29338
357 53.5352 2.30304
358 53.473 2.27832
359 53.3733 2.28204
360 53.3906 2.16732
361 53.3827 2.23019
362 53.3846 2.23907
363 53.5825 2.2575
364 53.6566 2.25703
365 53.7301 2.27208
366 53.7439 2.27281
367 53.7609 2.30068
368 53.7511 2.30645
369 53.6887 2.3139
370 53.5954 2.30898
371 53.4957 2.31692
372 53.3442 2.3237
373 53.1951 2.32729
374 53.0998 2.33002
375 53.0522 2.35299
376 53.0422 2.37086
377 53.0216 2.37925
378 53.0111 2.38565
379 53.0313 2.38937
380 53.1898 2.2424
381 53.2547 2.3113
382 53.1807 2.32028
383 53.0811 2.32781
384 52.9964 2.31001
385 52.8578 2.3129
386 52.7234 2.31757
387 52.697 2.33116
388 52.8518 2.34579
389 52.86 2.34978
390 52.8204 2.3545
391 52.8212 2.35939
392 52.8338 2.36284
393 52.984 2.3772
394 53.149 2.38641
395 53.1758 2.38117
396 53.0592 2.38895
397 52.905 2.39145
398 52.7338 2.39631
399 52.6563 2.39731
400 52.7953 2.29594
401 52.8494 2.359
402 52.8194 2.37251
403 52.91 2.38182
404 52.8641 2.38542
405 52.8664 2.39299
406 53.0301 2.39954
407 53.018 2.40699
408 53.0973 2.41057
409 53.0369 2.41431
410 52.9559 2.39051
411 52.8329 2.39566
412 52.7433 2.39771
413 52.8774 2.39498
414 52.8281 2.40271
415 52.9458 2.40406
416 53.0295 2.42785
417 53.1251 2.42867
418 53.2173 2.43562
419 53.2083 2.43676
420 53.1826 2.33736
421 53.1586 2.39252
422 53.2014 2.40186
423 53.1189 2.40403
424 53.16 2.41428
425 53.0769 2.43137
426 53.0086 2.4437
427 52.9342 2.44939
428 52.8854 2.45505
429 52.9079 2.45897
430 52.909 2.46732
431 52.9005 2.47346
432 52.8414 2.47877
433 52.8122 2.47414
434 52.7951 2.47943
435 52.7385 2.45493
436 52.6776 2.44616
437 52.7451 2.45216
438 52.7398 2.4539
439 52.656 2.4585
440 52.6159 2.35859
441 52.6613 2.41494
442 52.6131 2.42986
443 52.5336 2.44376
444 52.5183 2.45571
445 52.6051 2.46097
446 52.62 2.47066
447 52.6123 2.47524
448 52.7034 2.47894
449 52.7157 2.48144
450 52.6822 2.488
451 52.6985 2.49996
452 52.6458 2.51957
453 52.6005 2.53296
454 52.629 2.53895
455 52.7507 2.54174
456 52.9602 2.54933
457 52.9674 2.55929
458 52.953 2.56493
459 53.0436 2.57169
460 53.2165 2.47622
461 53.4063 2.49983
462 53.5443 2.5065
463 53.5882 2.50191
464 53.6566 2.51449
465 53.6298 2.52263
466 53.5625 2.52801
467 53.447 2.53505
468 53.3893 2.54254
469 53.388 2.5449
470 53.4164 2.54824
471 53.5257 2.57228
472 53.6487 2.57703
473 53.8348 2.57038
474 54.0346 2.59153
475 54.1314 2.61927
476 54.1644 2.62282
477 54.0756 2.62614
478 53.9898 2.62984
479 53.9945 2.63393
480 53.9728 2.53682
481 53.9682 2.59333
482 53.9865 2.59299
483 54.1221 2.60101
484 54.2299 2.61245
485 54.3347 2.62279
486 54.5871 2.63367
487 54.7128 2.64479
488 54.749 2.61482
489 54.7445 2.62667
490 54.7438 2.63068
491 54.7466 2.63987
492 54.7984 2.64157
493 54.8764 2.6468
494 55.1091 2.64693
495 55.2902 2.64569
496 55.4583 2.66425
497 55.6446 2.66866
498 55.8036 2.67457
499 55.9629 2.70138
500 56.0672 2.60747
501 56.1736 2.66621
502 56.121 2.67636
503 56.1079 2.68247
504 56.1108 2.68815
505 56.1285 2.68195
506 56.1406 2.69103
507 56.2027 2.69367
508 56.2143 2.69927
509 56.2671 2.73959
510 56.4154 2.72963
511 56.5727 2.73486
512 56.6449 2.75012
513 56.7632 2.715
514 56.8057 2.71553
515 56.7903 2.72406
516 56.8367 2.73473
517 56.814 2.74107
518 56.7509 2.74501
519 56.743 2.7467
520 56.8427 2.66172
521 56.9592 2.7211
522 56.9624 2.7424
523 56.8987 2.74351
524 56.873 2.74974
525 56.9491 2.75359
526 56.8935 2.75809
527 56.9259 2.76368
528 56.9371 2.79484
529 56.978 2.8004
530 56.9456 2.8002
531 56.9531 2.8102
532 56.9701 2.81694
533 57.0905 2.82319
534 57.2258 2.83033
535 57.0991 2.83529
536 56.9665 2.83999
537 56.8323 2.83424
538 56.7413 2.84251
539 56.6846 2.82339
540 56.6988 2.70295
541 56.7158 2.76314
542 56.7404 2.7779
543 56.7314 2.78195
544 56.8079 2.79335
545 56.799 2.80846
546 56.7498 2.82706
547 56.6467 2.83787
548 56.519 2.83271
549 56.4898 2.85167
550 56.3841 2.86243
551 56.293 2.8708
552 56.2077 2.86661
553 56.1523 2.86811
554 56.1704 2.87313
555 56.1837 2.87623
556 56.1958 2.88209
557 56.2835 2.85417
558 56.4833 2.8978
559 56.541 2.90227
560 56.5284 2.79816
561 56.4596 2.85736
562 56.3242 2.84986
563 56.189 2.85965
564 56.096 2.86398
565 56.0685 2.86996
566 56.1364 2.84749
567 56.2725 2.85361
568 56.2668 2.85012
569 56.2969 2.8661
570 56.3719 2.87989
571 56.3117 2.88416
572 56.2619 2.89994
573 56.1469 2.90918
574 55.9863 2.91232
575 55.8208 2.91748
576 55.7003 2.92361
577 55.6296 2.92607
578 55.7173 2.89143
579 55.8204 2.9171
580 55.9801 2.82364
581 56.2087 2.88732
582 56.314 2.90381
583 56.3692 2.91564
584 56.3713 2.92484
585 56.2819 2.93024
586 56.2515 2.93472
587 56.143 2.9339
588 56.0666 2.94201
589 56.0177 2.97062
590 55.9866 2.95593
591 56.0529 2.93607
592 56.2303 2.93958
593 56.2394 2.94401
594 56.2771 2.95051
595 56.3403 2.95634
596 56.3643 2.97355
597 56.2907 2.97909
598 56.1531 2.98262
599 56.0054 2.96788
600 55.9109 2.84932
601 55.9079 2.91203
602 55.8489 2.94487
603 55.8183 2.96746
604 55.8352 2.97017
605 55.8506 2.97866
606 55.8856 2.98821
607 56.0789 2.99412
608 56.3539 3.00502
609 56.4417 3.01221
610 56.414 3.03411
611 56.4346 3.05021
612 56.3557 3.05164
613 56.208 3.05347
614 56.0899 3.05708
615 55.9922 3.06629
616 55.9879 3.07188
617 56.0474 3.04299
618 56.0854 3.04822
619 56.1217 3.05059
620 56.2842 2.9387
621 56.3828 3.005
622 56.4579 3.01559
623 56.3344 3.02103
624 56.2121 3.01579
625 56.0729 3.02693
626 56.0722 3.03246
627 55.9979 3.03745
628 56.1862 3.04593
629 56.258 3.05322
630 56.3869 3.05376
631 56.5039 3.05524
632 56.5866 3.08124
633 56.7148 3.08457
634 56.824 3.09125
635 56.9178 3.09426
636 56.918 3.09922
637 56.778 3.10202
638 56.6159 3.10542
639 56.501 3.09987
640 56.4395 3.00599
641 56.6893 3.07384
642 56.88 3.09348
643 57.0496 3.06676
644 57.0771 3.0631
645 57.1597 3.06845
646 57.2885 3.07274
647 57.2736 3.09223
648 57.1948 3.09615
649 57.0701 3.1003
650 56.9362 3.10406
651 56.8406 3.10972
652 56.8289 3.11492
653 56.7463 3.11749
654 56.7496 3.13488
655 56.8189 3.14069
656 56.81 3.14402
657 57.0055 3.15399
658 57.171 3.16345
659 57.3169 3.16644
660 57.3642 3.05423
661 57.5124 3.1356
662 57.4169 3.1314
663 57.3351 3.1426
664 57.2425 3.15177
665 57.2658 3.14931
666 57.2483 3.15901
667 57.3012 3.16239
668 57.3024 3.17373
669 57.3425 3.17664
670 57.3909 3.15506
671 57.4851 3.16023
672 57.4412 3.17331
673 57.3689 3.17533
674 57.4234 3.18425
675 57.4199 3.18863
676 57.3878 3.19122
677 57.4934 3.19648
678 57.4314 3.20198
679 57.3959 3.20564
680 57.4896 3.08579
681 57.5793 3.15084
682 57.651 3.15375
683 57.7684 3.16758
684 57.9738 3.17574
685 58.095 3.17439
686 58.1071 3.18288
687 57.9727 3.18053
688 57.8575 3.19118
689 57.7399 3.21492
690 57.6533 3.22651
691 57.6424 3.23431
692 57.668 3.23973
693 57.6957 3.2389
694 57.6938 3.24363
695 57.8156 3.21895
696 57.8773 3.22127
697 57.9212 3.22594
698 57.8245 3.2298
699 57.6817 3.2344
700 57.6627 3.13625
701 57.5656 3.19973
702 57.5673 3.20708
703 57.5236 3.2168
704 57.5469 3.22443
705 57.8109 3.2313
706 57.8667 3.23291
707 57.9127 3.23834
708 57.9742 3.24197
709 58.0616 3.24243
710 58.1103 3.26999
711 58.0136 3.27997
712 57.8997 3.28543
713 57.8016 3.28403
714 57.7138 3.29316
715 57.6204 3.29686
716 57.5985 3.30217
717 57.6313 3.31065
718 57.7412 3.31798
719 57.8407 3.32534
720 57.9156 3.23042
721 58.103 3.26692
722 58.1455 3.27473
723 58.0772 3.27122
724 57.9371 3.27653
725 57.7557 3.28123
726 57.5898 3.27312
727 57.4636 3.28096
728 57.3554 3.28603
729 57.3321 3.29111
730 57.4276 3.29379
731 57.4506 3.29592
732 57.5187 3.30281
733 57.5633 3.31017
734 57.7207 3.32021
735 57.7225 3.32536
736 57.6138 3.32936
737 57.4702 3.34
738 57.3283 3.3475
739 57.1656 3.35764
740 57.1024 3.2569
741 57.0786 3.31431
742 57.0642 3.32507
743 57.1166 3.33608
744 57.1721 3.33881
745 57.2072 3.34598
746 57.2686 3.34983
747 57.3557 3.33209
748 57.2801 3.33671
749 57.2205 3.3446
750 57.1564 3.35249
751 57.2339 3.35446
752 57.1131 3.35817
753 56.9824 3.35455
754 57.0322 3.36436
755 57.0374 3.3592
756 57.0895 3.36823
757 57.1289 3.37213
758 57.1719 3.37815
759 57.2394 3.3822
760 57.3598 3.27352
761 57.4036 3.33318
762 57.3099 3.3391
763 57.1509 3.34111
764 57.0643 3.34488
765 56.9442 3.35303
766 56.871 3.35761
767 56.8037 3.36265
768 56.7978 3.37003
769 56.8103 3.37354
770 56.8335 3.36497
771 56.8965 3.40268
772 56.96 3.4196
773 57.0067 3.40388
774 57.0607 3.39833
775 56.9043 3.40285
776 56.8194 3.40544
777 56.6934 3.40893
778 56.6466 3.41356
779 56.5936 3.40542
780 56.5587 3.32349
781 56.7635 3.38476
782 56.8043 3.3925
783 56.9255 3.40506
784 57.0485 3.40892
785 57.1837 3.4116
786 57.225 3.42086
787 57.1321 3.42749
788 56.989 3.42859
789 56.8305 3.43087
790 56.7685 3.44527
791 56.657 3.46008
792 56.6523 3.4676
793 56.6984 3.47535
794 56.8106 3.48118
795 56.9485 3.48711
796 57.0957 3.49339
797 57.1441 3.50078
798 57.1467 3.50819
799 57.0795 3.51582
800 56.9999 3.37883
801 56.894 3.4393
802 56.7454 3.44627
803 56.6298 3.45282
804 56.5465 3.44798
805 56.483 3.46465
806 56.4989 3.47376
807 56.5059 3.478
808 56.543 3.47927
809 56.7393 3.48732
810 56.9044 3.49426
811 56.9258 3.50338
812 56.8425 3.51064
813 56.7207 3.51633
814 56.5653 3.50845
815 56.5734 3.51926
816 56.6655 3.52203
817 56.692 3.54032
818 56.6535 3.54789
819 56.7024 3.5541
820 56.7895 3.45303
821 56.972 3.51298
822 56.9914 3.52662
823 56.9993 3.53629
824 56.8983 3.54124
825 56.7627 3.54014
826 56.6174 3.52112
827 56.4884 3.52632
828 56.3646 3.53369
829 56.4194 3.54261
830 56.3669 3.55803
831 56.4303 3.574
832 56.474 3.5794
833 56.4229 3.5847
834 56.6112 3.59774
835 56.7749 3.60366
836 56.7513 3.61635
837 56.6698 3.62164
838 56.537 3.62299
839 56.4071 3.63155
840 56.4678 3.36327
841 56.5345 3.43401
842 56.5066 3.45516
843 56.4804 3.4572
844 56.4403 3.49585
845 56.5177 3.49625
846 56.6056 3.50082
847 56.7897 3.49671
848 56.7617 3.50934
849 56.6866 3.51991
850 56.5539 3.5108
851 56.3893 3.51599
852 56.2525 3.51278
853 56.0822 3.5098
854 55.994 3.51389
855 55.9196 3.52204
856 55.9624 3.51563
857 56.0563 3.52282
858 56.1482 3.5373
859 56.1979 3.54431
860 56.3165 3.45454
861 56.3717 3.50735
862 56.4754 3.52493
863 56.518 3.54283
864 56.5976 3.54797
865 56.5743 3.55733
866 56.5048 3.55205
867 56.4401 3.55721
868 56.4414 3.56155
869 56.4185 3.56218
870 56.4411 3.56574
871 56.4445 3.59786
872 56.5286 3.6113
873 56.5941 3.61545
874 56.5348 3.6208
875 56.4195 3.62805
876 56.2537 3.6328
877 56.2219 3.59801
878 56.0822 3.60049
879 56.0908 3.60126
880 56.0801 3.51006
881 56.0921 3.56643
882 56.2456 3.56209
883 56.2844 3.56863
884 56.2906 3.57855
885 56.3472 3.58268
886 56.39 3.59135
887 56.3373 3.59915
888 56.2344 3.60067
889 56.257 3.60889
890 56.095 3.6155
891 55.9474 3.62485
892 56.0005 3.63054
893 56.0516 3.63738
894 56.2229 3.64442
895 56.2979 3.64899
896 56.324 3.65739
897 56.3267 3.64761
898 56.3584 3.65727
899 56.4025 3.66783
900 56.4188 3.57246
901 56.3681 3.62848
902 56.2925 3.63769
903 56.1159 3.64646
904 55.9969 3.61915
905 55.884 3.62498
906 55.843 3.63175
907 55.8793 3.63671
908 55.9656 3.63879
909 56.0474 3.64519
910 56.1425 3.65824
911 56.2272 3.6489
912 56.214 3.65914
913 56.1421 3.66779
914 56.0287 3.67252
915 55.8628 3.68411
916 55.742 3.67796
917 55.696 3.69193
918 55.6953 3.70352
919 55.7544 3.71486
920 55.7768 3.60282
921 55.8735 3.66878
922 55.8933 3.68763
923 55.9121 3.69901
924 55.9146 3.71056
925 55.8848 3.71503
926 55.7385 3.71758
927 55.5955 3.72098
928 55.4341 3.72863
929 55.3164 3.73913
930 55.3182 3.71291
931 55.2684 3.70978
932 55.2749 3.72053
933 55.2828 3.7277
934 55.3725 3.73714
935 55.4502 3.74855
936 55.5808 3.76105
937 55.6574 3.7796
938 55.6949 3.78926
939 55.6064 3.79251
940 55.6282 3.67979
941 55.5658 3.72761
942 55.5856 3.74297
943 55.5722 3.74593
944 55.5938 3.75588
945 55.6347 3.7614
946 55.6341 3.76694
947 55.647 3.76993
948 55.6567 3.78246
949 55.7083 3.80822
950 55.6359 3.81805
951 55.5079 3.82194
952 55.3822 3.8252
953 55.2494 3.81725
954 55.2553 3.85522
955 55.206 3.9031
956 55.2163 3.89054
957 55.2709 3.90204
958 55.3404 3.91568
959 55.3805 3.93539
960 55.5009 3.84072
961 55.6904 3.90704
962 55.8378 3.9164
963 55.8854 3.92383
964 56.0236 3.92772
965 55.9836 3.93095
966 56.0055 3.92759
967 56.1231 3.93213
968 56.1379 3.96809
969 56.2599 3.96936
970 56.3027 3.97038
971 56.4537 3.97723
972 56.5413 3.98789
973 56.6321 3.99446
974 56.7099 3.9891
975 56.7197 3.99436
976 56.6384 3.99839
977 56.488 4.00492
978 56.3303 4.02534
979 56.16 4.04063
980 56.1594 3.92046
981 56.1282 3.99849
982 56.0943 3.98466
983 56.2908 4.00059
984 56.3555 4.00047
985 56.4908 4.01376
986 56.6901 4.02581
987 56.8023 4.03012
988 56.8601 4.03495
989 56.9083 4.0418
990 56.8854 4.04524
991 56.7486 4.0523
992 56.6249 4.04624
993 56.6129 4.05505
994 56.5415 4.05917
995 56.5658 4.0789
996 56.6175 4.08391
997 56.6155 4.08643
998 56.6649 4.0978
999 56.792 4.10823
1000 57.0065 3.9814
1001 57.0537 4.03731
1002 56.968 4.05185
1003 56.8468 4.07015
1004 56.6906 4.08823
1005 56.5912 4.10294
1006 56.5623 4.12993
1007 56.5579 4.15093
1008 56.6954 4.13238
1009 56.6799 4.14051
1010 56.9438 4.16537
1011 57.0532 4.1849
1012 57.0692 4.19566
1013 57.1069 4.1927
1014 56.9854 4.20068
1015 57.0207 4.03314
1016 56.9243 3.76277
1017 56.7897 3.74595
1018 56.6746 3.75456
1019 56.5691 3.42112
1020 56.6329 3.30814
1021 56.6753 3.36409
1022 56.6469 3.39006
1023 56.6217 3.39185
1024 56.6462 3.4198
1025 56.6252 3.42849
1026 56.5842 3.43499
1027 56.498 3.43905
1028 56.3243 3.44257
1029 56.1048 3.44859
1030 55.9311 3.45067
1031 55.7866 3.44859
1032 55.8038 3.45358
1033 55.7701 3.42869
1034 55.7299 3.43382
1035 55.6805 3.43614
1036 55.6617 3.43258
1037 55.6496 3.44952
1038 55.5996 3.45971
1039 55.4483 3.46056
1040 55.3355 3.35152
1041 55.2137 3.41128
1042 55.0551 3.41778
1043 54.89 3.42244
1044 54.8106 3.4283
1045 54.757 3.43184
1046 54.8077 3.44205
1047 54.7899 3.44229
1048 54.7891 3.45219
1049 54.8186 3.48016
1050 54.8048 3.49233
1051 54.6666 3.49275
1052 54.4981 3.49662
1053 54.3168 3.49965
1054 54.1546 3.50386
1055 53.9837 3.50606
1056 53.8564 3.5111
1057 53.7614 3.51384
1058 53.7506 3.52032
1059 53.7746 3.50471
1060 53.7755 3.4005
1061 53.928 3.46806
1062 53.9533 3.47935
1063 53.9425 3.48698
1064 53.9599 3.49289
1065 53.9691 3.49574
1066 53.8824 3.49823
1067 53.7234 3.50829
1068 53.6162 3.49999
1069 53.5576 3.50829
1070 53.5546 3.51479
1071 53.4836 3.51951
1072 53.4561 3.52411
1073 53.3712 3.55116
1074 53.3579 3.56113
1075 53.2978 3.55972
1076 53.257 3.56665
1077 53.1393 3.57437
1078 53.0288 3.5798
1079 52.9036 3.5836
1080 53.0153 3.47713
1081 53.026 3.53632
1082 52.9744 3.53902
1083 52.9177 3.55546
1084 52.8382 3.56305
1085 52.7498 3.58147
1086 52.7363 3.54835
1087 52.7613 3.55914
1088 52.7959 3.56733
1089 52.8548 3.57134
1090 52.8437 3.57563
1091 52.8662 3.58292
1092 52.835 3.5902
1093 52.824 3.59877
1094 52.8078 3.60548
1095 52.7976 3.63025
1096 52.7664 3.63467
1097 52.7196 3.62602
1098 52.6372 3.6378
1099 52.604 3.64178
1100 52.6969 3.55346
1101 52.8154 3.60579
1102 52.9073 3.61725
1103 53.0382 3.62677
1104 53.1897 3.6486
1105 53.3621 3.65053
1106 53.409 3.65961
1107 53.3794 3.66953
1108 53.4817 3.68025
1109 53.3932 3.68206
1110 53.3448 3.69009
1111 53.2465 3.64922
1112 53.1686 3.64683
1113 53.1171 3.65808
1114 53.3156 3.67165
1115 53.4097 3.67962
1116 53.5418 3.68867
1117 53.6987 3.69582
1118 53.7608 3.69784
1119 53.7325 3.71109
1120 53.7308 3.59778
1121 53.731 3.6506
1122 53.6697 3.6605
1123 53.5459 3.66885
1124 53.4695 3.67664
1125 53.3928 3.68803
1126 53.3861 3.71313
1127 53.3254 3.72197
1128 53.286 3.72578
1129 53.2222 3.72845
1130 53.1702 3.73067
1131 53.1305 3.72662
1132 53.089 3.7418
1133 53.0114 3.75542
1134 53.0358 3.75794
1135 53.0278 3.7956
1136 52.9585 3.79269
1137 52.8657 3.76312
1138 52.8167 3.76834
1139 52.7468 3.77508
1140 52.8229 3.70067
1141 52.8488 3.75872
1142 52.8158 3.77214
1143 52.8193 3.78648
1144 52.7876 3.79131
1145 52.7662 3.79505
1146 52.7324 3.81486
1147 52.7058 3.8434
1148 52.6061 3.84727
1149 52.4601 3.84233
1150 52.3515 3.84869
1151 52.3701 3.85876
1152 52.3655 3.86506
1153 52.3078 3.86221
1154 52.2442 3.86769
1155 52.1696 3.87109
1156 52.1006 3.88969
1157 52.0672 3.90621
1158 52.0196 3.90861
1159 51.9326 3.91361
1160 51.8896 3.80185
1161 51.8318 3.86451
1162 51.7288 3.87559
1163 51.6388 3.85557
1164 51.5548 3.86014
1165 51.4561 3.86429
1166 51.3632 3.86866
1167 51.2933 3.87438
1168 51.2229 3.87751
1169 51.1439 3.87958
1170 51.0937 3.88671
1171 51.0236 3.8862
1172 51.0026 3.86341
1173 50.9115 3.88537
1174 50.776 3.87926
1175 50.6402 3.88801
1176 50.6001 3.89859
1177 50.5416 3.89909
1178 50.4333 3.89824
1179 50.3521 3.9036
1180 50.2806 3.78822
1181 50.2463 3.84954
1182 50.1812 3.87096
1183 50.1322 3.88754
1184 50.0791 3.89646
1185 49.9998 3.90331
1186 49.8896 3.90639
1187 49.7615 3.91556
1188 49.7781 3.89923
1189 49.7879 3.90188
1190 49.6967 3.90706
1191 49.5803 3.90998
1192 49.4802 3.90815
1193 49.3668 3.90946
1194 49.2832 3.9124
1195 49.2319 3.91572
1196 49.1879 3.92088
1197 49.1193 3.92379
1198 49.0093 3.92793
1199 48.8953 3.93118
1200 48.8261 3.81295
1201 48.7656 3.87295
1202 48.6847 3.88111
1203 48.6138 3.88734
1204 48.5594 3.88824
1205 48.4548 3.88118
1206 48.4126 3.88815
1207 48.3706 3.89088
1208 48.4621 3.90591
1209 48.5289 3.92467
1210 48.6028 3.9111
1211 48.4711 3.91668
1212 48.3856 3.92212
1213 48.2751 3.92799
1214 48.2109 3.93183
1215 48.1238 3.91117
1216 48.057 3.9151
1217 47.9865 3.9137
1218 47.9252 3.92413
1219 47.9549 3.92759
1220 48.02 3.81237
1221 48.0224 3.8597
1222 47.9555 3.87204
1223 47.8516 3.87771
1224 47.7162 3.88198
1225 47.6088 3.88617
1226 47.6185 3.88943
1227 47.5203 3.89471
1228 47.4653 3.88698
1229 47.4074 3.89328
1230 47.3289 3.89909
1231 47.2456 3.92424
1232 47.1455 3.92744
1233 47.1024 3.93254
1234 47.042 3.93615
1235 46.9415 3.94034
1236 46.8361 3.94778
1237 46.7017 3.95253
1238 46.5946 3.95558
1239 46.5024 3.95933
1240 46.4948 3.83409
1241 46.4848 3.87307
1242 46.3984 3.88661
1243 46.3053 3.89128
1244 46.2705 3.8927
1245 46.2382 3.90043
1246 46.1597 3.90379
1247 46.0627 3.91065
1248 45.982 3.91463
1249 45.9232 3.93934
1250 45.807 3.95468
1251 45.7515 3.95542
1252 45.6833 3.96107
1253 45.5731 3.96466
1254 45.5432 3.99601
1255 45.4516 4.01033
1256 45.3446 4.02544
1257 45.3885 4.04026
1258 45.3081 4.09001
1259 45.3607 4.18234
1260 45.3814 4.11594
1261 45.4977 4.18061
1262 45.4557 4.19585
1263 45.4212 4.22072
1264 45.4857 4.2307
1265 45.6769 4.30667
1266 45.7725 4.28469
1267 45.8043 4.26864
1268 45.8877 4.22953
1269 45.9207 4.25942
1270 45.8671 4.26039
1271 45.7749 4.26206
1272 45.7144 4.27234
1273 45.5906 4.27023
1274 45.4626 4.26586
1275 45.3204 4.27338
1276 45.2604 4.29344
1277 45.2003 4.29417
1278 45.2255 4.29624
1279 45.1462 4.30098
1280 45.0941 4.20354
1281 45.0643 4.25046
1282 44.9873 4.25563
1283 44.9248 4.26151
1284 44.8885 4.26903
1285 44.8205 4.27459
1286 44.6968 4.27797
1287 44.5968 4.28382
1288 44.5233 4.28354
1289 44.403 4.28841
1290 44.3357 4.32304
1291 44.2198 4.33024
1292 44.1311 4.33165
1293 44.0625 4.30651
1294 43.9787 4.31065
1295 43.9073 4.31673
1296 43.9555 4.32188
1297 43.861 4.32497
1298 43.7537 4.32255
1299 43.6219 4.33381
1300 43.6077 4.22884
1301 43.5272 4.27891
1302 43.4254 4.28848
1303 43.3254 4.29748
1304 43.2921 4.2942
1305 43.2135 4.28992
1306 43.1505 4.29336
1307 43.1343 4.29876
1308 43.1475 4.3031
1309 43.0859 4.307
1310 43.0275 4.30616
1311 42.9113 4.31333
1312 42.7908 4.31672
1313 42.7591 4.32358
1314 42.6838 4.32412
1315 42.6675 4.33279
1316 42.6844 4.34194
1317 42.7154 4.40332
1318 42.7277 4.40976
1319 42.7042 4.4131
1320 42.7296 4.29445
1321 42.7281 4.34975
1322 42.6412 4.35123
1323 42.5273 4.35793
1324 42.4038 4.36298
1325 42.2627 4.37035
1326 42.1446 4.37094
1327 42.0342 4.373
1328 42.0434 4.38097
1329 41.9508 4.3877
1330 41.9267 4.38905
1331 41.9137 4.39489
1332 41.9849 4.40176
1333 42.0131 4.40699
1334 41.9671 4.40319
1335 41.8893 4.40885
1336 41.8115 4.40873
1337 41.6657 4.41223
1338 41.5268 4.41205
1339 41.4004 4.41608
1340 41.3896 4.30329
1341 41.4733 4.34595
1342 41.4652 4.36681
1343 41.4853 4.3763
1344 41.5204 4.36773
1345 41.5104 4.37677
1346 41.468 4.36712
1347 41.4179 4.37509
1348 41.3794 4.38235
1349 41.3072 4.39014
1350 41.2814 4.3953
1351 41.1757 4.40023
1352 41.1339 4.40486
1353 41.2003 4.4214
1354 41.2449 4.42759
1355 41.3154 4.43368
1356 41.374 4.44146
1357 41.3765 4.43935
1358 41.3941 4.44779
1359 41.4796 4.47441
1360 41.6185 4.37247
1361 41.7089 4.42945
1362 41.7164 4.44278
1363 41.7989 4.45476
1364 41.9144 4.46054
1365 41.9369 4.46241
1366 41.9856 4.4653
1367 42.0274 4.47206
1368 42.0566 4.49224
1369 42.1014 4.5067
1370 42.104 4.49028
1371 42.0936 4.48911
1372 42.1538 4.50004
1373 42.1759 4.50587
1374 42.1757 4.51357
1375 42.1419 4.51694
1376 42.1832 4.52146
1377 42.2187 4.5252
1378 42.2875 4.53304
1379 42.3282 4.53759
1380 42.3884 4.40854
1381 42.4398 4.45352
1382 42.3966 4.45351
1383 42.3716 4.46186
1384 42.434 4.47153
1385 42.4354 4.47845
1386 42.4561 4.50442
1387 42.4136 4.51266
1388 42.3975 4.51651
1389 42.3805 4.52007
1390 42.4274 4.51916
1391 42.5122 4.52796
1392 42.5365 4.53712
1393 42.5428 4.55199
1394 42.5181 4.55673
1395 42.4563 4.56028
1396 42.4646 4.57021
1397 42.5753 4.55588
1398 42.6847 4.57051
1399 42.6898 4.56541
1400 42.6878 4.47366
1401 42.7231 4.52166
1402 42.7117 4.52885
1403 42.7823 4.53597
1404 42.9934 4.54615
1405 43.0058 4.5485
1406 42.9586 4.55403
1407 43.0197 4.56079
1408 42.9778 4.56412
1409 42.9585 4.56738
1410 42.9782 4.57205
1411 42.981 4.59823
1412 42.9555 4.56345
1413 42.8963 4.56977
1414 42.9605 4.64447
1415 43.0263 4.66689
1416 43.1168 4.68906
1417 43.2136 4.69741
1418 43.266 4.70527
1419 43.2358 4.71075
1420 43.3036 4.63045
1421 43.3521 4.68247
1422 43.389 4.70468
1423 43.3915 4.68937
1424 43.3902 4.70018
1425 43.3442 4.71164
1426 43.3166 4.72155
1427 43.328 4.72446
1428 43.3285 4.72628
1429 43.4351 4.7291
1430 43.5713 4.73342
1431 43.5885 4.73793
1432 43.616 4.741
1433 43.6208 4.74166
1434 43.627 4.74541
1435 43.7522 4.74035
1436 43.9337 4.74968
1437 43.9565 4.75937
1438 43.9765 4.76735
1439 43.9771 4.76871
1440 44.1145 4.68203
1441 44.2421 4.73373
1442 44.2981 4.74501
1443 44.3417 4.75057
1444 44.4605 4.76154
1445 44.4506 4.76684
1446 44.4833 4.77179
1447 44.5153 4.77711
1448 44.5799 4.80747
1449 44.6476 4.77893
1450 44.6578 4.78507
1451 44.6574 4.7893
1452 44.658 4.79341
1453 44.671 4.79557
1454 44.6985 4.8033
1455 44.7375 4.80655
1456 44.7906 4.81003
1457 44.8072 4.81263
1458 44.8619 4.81986
1459 45.2505 4.82015
1460 45.3849 4.71532
1461 45.5158 4.76696
1462 45.6844 4.79179
1463 45.6769 4.80117
1464 45.6802 4.80638
1465 45.6831 4.81053
1466 45.7657 4.81313
1467 45.8025 4.82259
1468 45.8577 4.82781
1469 45.9065 4.83358
1470 45.988 4.84246
1471 46.1124 4.84945
1472 46.2411 4.84874
1473 46.4096 4.8886
1474 46.5169 4.86882
1475 46.5911 4.83516
1476 46.6037 4.83618
1477 46.6066 4.83848
1478 46.6119 4.84324
1479 46.6583 4.84428
1480 46.7744 4.75516
1481 46.8834 4.80718
1482 46.989 4.82086
1483 47.1194 4.82484
1484 47.33 4.85116
1485 47.5083 4.85226
1486 47.6982 4.8579
1487 47.9012 4.86158
1488 48.0335 4.86341
1489 48.0354 4.86368
1490 48.0427 4.87492
1491 48.2214 4.90435
1492 48.3985 4.91367
1493 48.6078 4.9215
1494 48.827 4.92971
1495 49.0055 4.93452
1496 49.2787 4.94272
1497 49.3588 4.94139
1498 49.4345 4.95564
1499 49.5182 4.9628
1500 49.5586 4.87152
1501 49.5957 4.8881
1502 49.637 4.88871
1503 49.6084 4.90131
1504 49.6165 4.90749
1505 49.7268 4.92414
1506 49.9009 4.94126
1507 50.0825 4.94986
1508 50.1027 4.96488
1509 50.0645 4.97305
1510 50.0268 4.97864
1511 49.9948 4.9873
1512 50.0662 4.99038
1513 50.025 5.01147
1514 50.0724 4.96881
1515 49.9769 4.97614
1516 49.9795 4.98251
1517 50.1648 4.98978
1518 50.5638 4.99313
1519 50.8856 4.99079
1520 51.1397 4.89896
1521 51.3006 4.95474
1522 51.3524 4.96193
1523 51.3426 4.96735
1524 51.4616 4.98047
1525 51.4294 5.01974
1526 51.4377 5.00228
1527 51.489 4.9694
1528 51.4605 4.9757
1529 51.5888 4.9828
1530 51.6923 4.98441
1531 51.6514 4.98627
1532 51.7751 4.99257
1533 51.6616 4.99699
1534 51.6116 5.01347
1535 51.524 5.01495
1536 51.4978 5.01999
1537 51.647 5.02417
1538 51.6779 5.03162
1539 51.6472 5.05517
1540 51.7157 4.94791
1541 51.7394 5.00578
1542 51.8689 5.01627
1543 51.9004 5.01482
1544 51.7983 5.03098
1545 51.7087 5.03579
1546 51.5994 5.04242
1547 51.6034 5.04597
1548 51.5334 5.05057
1549 51.5448 5.05209
1550 51.7157 5.06607
1551 51.7556 5.09354
1552 51.804 5.04263
1553 51.8211 5.04873
1554 51.8363 5.05729
1555 51.8714 5.05463
1556 51.9225 5.07232
1557 51.9188 5.07733
1558 51.8781 5.08483
1559 51.7881 5.08372
1560 51.7687 4.97998
1561 51.8364 5.04347
1562 51.8764 5.05547
1563 51.8104 5.05926
1564 51.862 5.08872
1565 51.7892 5.08585
1566 51.822 5.1017
1567 51.9509 5.10505
1568 51.9386 5.11411
1569 51.893 5.11465
1570 51.8145 5.12212
1571 51.6805 5.14647
1572 51.5873 5.15728
1573 51.4934 5.16778
1574 51.5025 5.17065
1575 51.4279 5.17295
1576 51.3709 5.17963
1577 51.458 5.18631
1578 51.4574 5.16075
1579 51.6618 5.16627
1580 51.6972 5.03654
1581 51.7237 5.09155
1582 51.7389 5.09935
1583 51.5968 5.10148
1584 51.435 5.10834
1585 51.2692 5.10638
1586 51.1395 5.11104
1587 51.1597 5.11864
1588 51.1327 5.12804
1589 51.2229 5.14621
1590 51.2605 5.15079
1591 51.3091 5.15271
1592 51.3696 5.15975
1593 51.3086 5.15522
1594 51.258 5.17417
1595 51.2401 5.1774
1596 51.0893 5.18256
1597 51.0103 5.182
1598 50.9731 5.18968
1599 50.8717 5.1994
1600 51.02 5.08388
1601 51.2486 5.1436
1602 51.3447 5.15657
1603 51.2782 5.16293
1604 51.3048 5.1729
1605 51.3404 5.13486
1606 51.332 5.14638
1607 51.2806 5.15704
1608 51.3916 5.17566
1609 51.4502 5.18033
1610 51.6626 5.17355
1611 51.8718 5.18864
1612 51.9284 5.18677
1613 51.8512 5.19224
1614 51.8835 5.20981
1615 51.9123 5.21119
1616 52.0746 5.2271
1617 52.1382 5.23335
1618 52.1451 5.23951
1619 52.122 5.24654
1620 52.0888 5.13267
1621 52.0397 5.18835
1622 51.9066 5.1938
1623 51.802 5.20452
1624 51.727 5.22065
1625 51.6355 5.22768
1626 51.5692 5.24388
1627 51.6001 5.25686
1628 51.6149 5.26808
1629 51.7304 5.27578
1630 51.7426 5.25529
1631 51.6688 5.25824
1632 51.5789 5.25864
1633 51.4452 5.26357
1634 51.2756 5.27208
1635 51.1027 5.26727
1636 50.9313 5.27446
1637 50.8328 5.27788
1638 50.8026 5.28611
1639 50.8263 5.2888
1640 50.9389 5.16644
1641 51.0325 5.23464
1642 51.0785 5.24881
1643 51.1032 5.25507
1644 51.0733 5.2705
1645 50.9537 5.27581
1646 50.8566 5.28471
1647 50.7284 5.30122
1648 50.6016 5.15388
1649 50.5035 4.98071
1650 50.4078 4.98555
1651 50.3918 4.99071
1652 50.3819 4.99578
1653 50.3321 5.00065
1654 50.3594 4.99523
1655 50.4725 5.00336
1656 50.6074 4.98466
1657 50.5465 4.99636
1658 50.4289 4.99866
1659 50.2923 4.9954
1660 50.2552 4.89558
1661 50.1994 4.95757
1662 50.1212 4.97023
1663 50.145 4.97927
1664 50.2094 4.99149
1665 50.31 4.98547
1666 50.3327 5.00331
1667 50.3905 5.01129
1668 50.4066 5.02262
1669 50.3689 5.02662
1670 50.2927 5.03467
1671 50.3596 5.03202
1672 50.3076 5.03618
1673 50.201 5.04495
1674 50.1143 5.04381
1675 50.0422 5.07193
1676 50.0401 5.08215
1677 50.0198 5.08922
1678 50.0389 5.09643
1679 50.0435 5.10205
1680 50.1406 4.99258
1681 50.1934 5.05562
1682 50.1536 5.03101
1683 50.2414 5.03482
1684 50.2362 5.04678
1685 50.0849 5.05043
1686 49.9363 5.0535
1687 49.9332 5.06689
1688 49.8788 5.07442
1689 49.8243 5.07676
1690 49.8715 5.07785
1691 49.9217 5.08367
1692 50.0799 5.09124
1693 50.1621 5.10454
1694 50.1725 5.10751
1695 50.1512 5.11062
1696 50.0947 5.12405
1697 50.0634 5.12622
1698 49.9139 5.12561
1699 49.7615 5.12901
1700 49.7001 5.00639
1701 49.6835 5.05481
1702 49.6524 5.06527
1703 49.6159 5.07162
1704 49.6326 5.08024
1705 49.7314 5.1025
1706 49.8338 5.11559
1707 49.7906 5.12656
1708 49.7773 5.10492
1709 49.8047 5.11006
1710 49.7137 5.1153
1711 49.6004 5.11813
1712 49.4912 5.12234
1713 49.4095 5.12693
1714 49.3639 5.12331
1715 49.3223 5.13958
1716 49.3372 5.14531
1717 49.3783 5.15147
1718 49.5183 5.16601
1719 49.554 5.17001
1720 49.5927 5.05925
1721 49.5762 5.11301
1722 49.465 5.11729
1723 49.2956 5.12223
1724 49.1835 5.12327
1725 49.0577 5.11861
1726 48.9974 5.12382
1727 48.9924 5.14896
1728 49.0287 5.16907
1729 48.9805 5.17372
1730 49.214 5.16864
1731 49.4992 5.18002
1732 49.6009 5.18911
1733 49.4872 5.19418
1734 49.3467 5.19418
1735 49.1747 5.16965
1736 49.0397 5.17516
1737 48.9117 5.18383
1738 48.8121 5.18732
1739 48.7519 5.19356
1740 48.7265 5.09789
1741 48.7315 5.15984
1742 48.7377 5.17155
1743 48.8545 5.17511
1744 48.8895 5.18663
1745 48.8835 5.19498
1746 48.8257 5.20527
1747 48.6986 5.21152
1748 48.538 5.21305
1749 48.4162 5.22024
1750 48.332 5.22035
1751 48.2985 5.22445
1752 48.3826 5.23858
1753 48.4718 5.27925
1754 48.4304 5.30741
1755 48.4294 5.32805
1756 48.5485 5.33975
1757 48.6025 5.34993
1758 48.5795 5.35395
1759 48.5037 5.36205
1760 48.4092 5.26801
1761 48.3948 5.29681
1762 48.2423 5.29406
1763 48.1463 5.30405
1764 48.1095 5.32464
1765 48.1628 5.27471
1766 48.1412 5.27954
1767 48.1725 5.15532
1768 48.2184 5.16029
1769 48.2388 5.16384
1770 48.3304 5.16701
1771 48.2754 5.16955
1772 48.2574 5.17403
1773 48.14 5.17267
1774 48.0019 5.17003
1775 47.8963 5.17207
1776 47.8179 5.18117
1777 47.8966 5.19127
1778 47.9661 5.20163
1779 48.1137 5.22651
1780 48.3946 5.13406
1781 48.5196 5.18525
1782 48.5671 5.18995
1783 48.5678 5.19945
1784 48.4812 5.20506
1785 48.3791 5.20734
1786 48.2913 5.20839
1787 48.161 5.18981
1788 48.0387 5.19359
1789 47.9438 5.20584
1790 47.9068 5.21613
1791 47.898 5.21909
1792 47.8878 5.22197
1793 47.9496 5.21969
1794 48.0867 5.22077
1795 48.248 5.22915
1796 48.1948 5.23592
1797 48.1098 5.242
1798 48.1233 5.23475
1799 47.9847 5.24233
1800 47.9276 5.11913
1801 47.8747 5.16915
1802 47.7901 5.17514
1803 47.807 5.18576
1804 47.764 5.18637
1805 47.7174 5.19533
1806 47.7354 5.20048
1807 47.7315 5.20594
1808 47.7377 5.23914
1809 47.678 5.25125
1810 47.5761 5.25414
1811 47.419 5.25695
1812 47.255 5.26386
1813 47.0908 5.22309
1814 46.9604 5.21914
1815 46.9066 5.22778
1816 46.8575 5.23518
1817 46.8226 5.23783
1818 46.8508 5.24913
1819 47.0041 5.25373
1820 47.2127 5.16428
1821 47.3963 5.21815
1822 47.2878 5.23008
1823 47.147 5.23121
1824 47.0399 5.23278
1825 46.8999 5.23589
1826 46.8147 5.23665
1827 46.7148 5.24185
1828 46.7065 5.24596
1829 46.676 5.23918
1830 46.6826 5.27234
1831 46.6444 5.27376
1832 46.6316 5.28143
1833 46.6326 5.28885
1834 46.603 5.2977
1835 46.5696 5.29468
1836 46.4718 5.31429
1837 46.3484 5.3171
1838 46.3197 5.32186
1839 46.2165 5.30048
1840 46.4335 5.2125
1841 46.687 5.26375
1842 46.8171 5.27202
1843 46.9417 5.27002
1844 47.0247 5.28558
1845 47.0884 5.2948
1846 47.0709 5.30673
1847 47.1405 5.32691
1848 47.2339 5.33934
1849 47.1296 5.34366
1850 47.0461 5.36963
1851 46.9647 5.37129
1852 46.9127 5.37363
1853 46.9114 5.37868
1854 46.9081 5.37558
1855 46.9463 5.38377
1856 46.9615 5.38425
1857 47.0162 5.39483
1858 47.1568 5.40285
1859 47.1261 5.43521
1860 47.1051 5.31045
1861 47.0764 5.36241
1862 46.9778 5.36596
1863 46.8326 5.35747
1864 46.7762 5.34031
1865 46.7273 5.35062
1866 46.8271 5.35669
1867 46.9457 5.36148
1868 46.9711 5.37416
1869 47.0234 5.37177
1870 47.0648 5.38349
1871 47.0562 5.39234
1872 47.1186 5.4013
1873 47.085 5.40405
1874 47.0597 5.40099
1875 46.9251 5.40362
1876 46.8143 5.4108
1877 46.7471 5.41308
1878 46.7461 5.44492
1879 46.7756 5.44925
1880 46.8404 5.35083
1881 46.9615 5.40545
1882 47.1668 5.41149
1883 47.2893 5.40844
1884 47.2722 5.41859
1885 47.2165 5.42737
1886 47.1054 5.43383
1887 46.9656 5.43803
1888 46.8562 5.44955
1889 46.7626 5.46981
1890 46.6776 5.46683
1891 46.6787 5.45221
1892 46.6498 5.45819
1893 46.6125 5.46753
1894 46.6885 5.47263
1895 46.9268 5.46841
1896 47.0514 5.48476
1897 47.0779 5.48913
1898 46.9831 5.49307
1899 46.9218 5.50753
1900 46.869 5.36953
1901 46.8985 5.42001
1902 46.7952 5.42451
1903 46.7579 5.43211
1904 46.7796 5.46594
1905 46.759 5.47017
1906 46.7415 5.46871
1907 46.7302 5.47766
1908 46.9072 5.49128
1909 46.907 5.49183
1910 46.8373 5.49755
1911 46.7324 5.49914
1912 46.6691 5.50051
1913 46.5291 5.49841
1914 46.4354 5.49291
1915 46.3692 5.50541
1916 46.4082 5.45402
1917 46.4442 5.49087
1918 46.4272 5.49318
1919 46.4828 5.50039
1920 46.5872 5.40044
1921 46.6708 5.46116
1922 46.6632 5.4796
1923 46.5789 5.48354
1924 46.4628 5.4867
1925 46.3162 5.47983
1926 46.1757 5.48496
1927 46.0649 5.48745
1928 46.0521 5.49881
1929 46.0127 5.50487
1930 46.0125 5.5347
1931 45.9645 5.53414
1932 45.9892 5.54
1933 45.9667 5.54368
1934 45.9593 5.55477
1935 45.8967 5.55907
1936 45.8772 5.56155
1937 45.8065 5.56496
1938 45.6918 5.55897
1939 45.5734 5.56517
1940 45.5245 5.46967
1941 45.5377 5.54876
1942 45.6315 5.5164
1943 45.6189 5.51818
1944 45.6351 5.52814
1945 45.7152 5.52677
1946 45.7519 5.53955
1947 45.7635 5.55438
1948 45.7424 5.55026
1949 45.7102 5.56282
1950 45.6528 5.56469
1951 45.5903 5.56591
1952 45.603 5.57516
1953 45.5264 5.56686
1954 45.5232 5.57489
1955 45.4983 5.57768
1956 45.4847 5.59456
1957 45.5406 5.60679
1958 45.5527 5.60181
1959 45.5818 5.61287
1960 45.6057 5.51831
1961 45.6024 5.5724
1962 45.527 5.58396
1963 45.4028 5.57605
1964 45.3024 5.58588
1965 45.2183 5.59083
1966 45.1778 5.59682
1967 45.1579 5.61052
1968 45.1332 5.60468
1969 45.1484 5.5865
1970 45.1627 5.59518
1971 45.2869 5.59576
1972 45.4925 5.60953
1973 45.5301 5.60452
1974 45.5914 5.61563
1975 45.4842 5.61325
1976 45.3681 5.61367
1977 45.2732 5.61917
1978 45.2158 5.61674
1979 45.2927 5.62369
1980 45.3057 5.5179
1981 45.3879 5.57136
1982 45.411 5.58691
1983 45.4082 5.57948
1984 45.403 5.59116
1985 45.3584 5.59693
1986 45.2724 5.60099
1987 45.1363 5.60619
1988 45.061 5.61375
1989 44.948 5.6338
1990 44.8583 5.63665
1991 44.7872 5.64263
1992 44.7629 5.65252
1993 44.8033 5.65279
1994 44.8215 5.63668
1995 44.8741 5.64251
1996 44.9283 5.65294
1997 44.9316 5.66746
1998 44.8611 5.66041
1999 44.7696 5.67297
2000 44.6691 5.58052
2001 44.6054 5.63041
2002 44.5112 5.63964
2003 44.4519 5.64034
2004 44.4848 5.65479
2005 44.631 5.66227
2006 44.6833 5.66714
2007 44.6761 5.67577
2008 44.6794 5.66852
2009 44.708 5.67511
2010 44.7617 5.6993
2011 44.6639 5.7042
2012 44.5467 5.70892
2013 44.4011 5.70407
2014 44.2755 5.7101
2015 44.2726 5.71405
2016 44.3969 5.71692
2017 44.412 5.7262
2018 44.4327 5.7228
2019 44.5252 5.73473
2020 44.6058 5.61832
2021 44.7376 5.67883
2022 44.7707 5.69773
2023 44.7381 5.69508
2024 44.6898 5.7067
2025 44.6549 5.71424
2026 44.5512 5.71539
2027 44.4525 5.72017
2028 44.3845 5.71436
2029 44.3107 5.72394
2030 44.2953 5.72863
2031 44.2964 5.7308
2032 44.2668 5.74422
2033 44.333 5.73611
2034 44.3492 5.74508
2035 44.3328 5.74863
2036 44.264 5.7494
2037 44.1682 5.75299
2038 44.0426 5.74949
2039 43.9094 5.75619
2040 43.8811 5.65953
2041 43.9112 5.71661
2042 43.897 5.73002
2043 43.9144 5.73452
2044 43.9978 5.74717
2045 44.0342 5.75443
2046 44.1123 5.74849
2047 44.2173 5.75653
2048 44.2951 5.75686
2049 44.2684 5.76963
2050 44.2154 5.76981
2051 44.114 5.77256
2052 44.0303 5.7772
2053 44.0646 5.76922
2054 44.0701 5.77699
2055 44.0359 5.77782
2056 44.1268 5.81254
2057 44.1205 5.82579
2058 44.1097 5.81975
2059 44.2173 5.82978
2060 44.3242 5.7326
2061 44.3622 5.78062
2062 44.3087 5.80872
2063 44.2238 5.80436
2064 44.1293 5.81104
2065 44.0673 5.81657
2066 44.0202 5.82148
2067 43.9817 5.83192
2068 44.0374 5.82926
2069 44.0392 5.83959
2070 44.0636 5.85192
2071 44.2018 5.8624
2072 44.386 5.84067
2073 44.5724 5.84789
2074 44.7601 5.85236
2075 44.7979 5.85849
2076 44.8017 5.8629
2077 44.8835 5.87633
2078 44.8857 5.8712
2079 44.8744 5.88411
2080 45.0284 5.77602
