0 0.0109893 0.0568581
1 0.0117598 0.0588722
2 0.0124448 0.0602264
3 0.0133198 0.0618973
4 0.0136954 0.0669899
5 0.0137462 0.0669899
6 0.0137492 0.0669899
7 0.0137468 0.0669899
8 0.0138488 0.0675011
9 0.0143208 0.0700531
10 0.0148712 0.0710564
11 0.0154392 0.0702209
12 0.0158534 0.0704803
13 0.0162466 0.0714264
14 0.016768 0.0678978
15 0.0171835 0.0716782
16 0.0176058 0.072155
17 0.0182254 0.0737
18 0.0187597 0.0743294
19 0.0191195 0.0742645
20 0.0364186 0.0711861
21 0.05202 0.0759621
22 0.0668866 0.0758553
23 0.0816893 0.0768471
24 0.0960536 0.0775375
25 0.110343 0.0798874
26 0.125388 0.107719
27 0.139483 0.100788
28 0.153788 0.101795
29 0.167595 0.102512
30 0.181178 0.102917
31 0.195005 0.104485
32 0.208174 0.103539
33 0.221179 0.104027
34 0.234223 0.10408
35 0.247134 0.105362
36 0.260353 0.10582
37 0.273181 0.106766
38 0.285633 0.106842
39 0.299512 0.108112
40 0.404883 0.111671
41 0.860621 0.134495
42 1.34429 0.146534
43 1.80398 0.155308
44 2.27081 0.164169
45 2.74584 0.174072
46 3.26747 0.182606
47 3.78522 0.188393
48 4.35261 0.191582
49 4.77539 0.20734
50 5.18012 0.210491
51 5.61026 0.21891
52 6.05271 0.222023
53 6.4575 0.231865
54 6.83172 0.233952
55 7.19418 0.240494
56 7.55753 0.244049
57 7.95995 0.252041
58 8.38881 0.261398
59 8.76505 0.274036
60 9.25588 0.254543
61 9.78364 0.274265
62 10.2255 0.275803
63 10.4969 0.279964
64 10.7123 0.285721
65 10.8565 0.288773
66 11.0525 0.284416
67 11.3604 0.290985
68 11.7161 0.293694
69 12.1427 0.304115
70 12.6112 0.306992
71 13.0545 0.316986
72 13.5037 0.326576
73 13.8992 0.33337
74 14.2401 0.334362
75 14.4978 0.338619
76 14.6594 0.339401
77 14.779 0.342602
78 14.8566 0.343208
79 14.9732 0.345371
80 15.2234 0.326725
81 15.4991 0.343246
82 15.7956 0.349316
83 16.1303 0.35907
84 16.4762 0.3619
85 16.8453 0.373623
86 17.1748 0.375458
87 17.4778 0.38311
88 17.7697 0.387966
89 17.9143 0.391582
90 17.9793 0.391769
91 18.0182 0.393536
92 18.1577 0.396404
93 18.3865 0.400761
94 18.641 0.40448
95 18.9141 0.412506
96 19.2765 0.419907
97 19.6628 0.430752
98 20.017 0.433517
99 20.3207 0.44072
100 20.5621 0.419712
101 20.7212 0.43565
102 20.7962 0.438442
103 20.8245 0.440674
104 20.8689 0.441628
105 21.0108 0.445232
106 21.2244 0.449444
107 21.4342 0.456387
108 21.7115 0.467209
109 21.9807 0.474884
110 22.2568 0.478466
111 22.529 0.488007
112 73.6615 1.46891
113 73.8056 1.56897
114 73.8765 1.62162
115 73.7966 1.56185
116 73.6603 1.59285
117 73.6058 1.59791
118 73.6742 1.5949
119 73.7951 1.59657
120 73.9251 1.52126
121 74.0679 1.55296
122 74.2458 1.55758
123 74.488 1.56271
124 74.7454 1.57068
125 74.9093 1.57944
126 75.0043 1.58744
127 75.0677 1.5932
128 75.0257 1.59809
129 74.9933 1.60041
130 75.0746 1.60225
131 75.2219 1.60637
132 75.3126 1.60963
133 75.4637 1.61254
134 75.6553 1.61656
135 75.8414 1.62138
136 76.0298 1.62651
137 76.2356 1.63829
138 76.4181 1.64573
139 76.4726 1.6497
140 76.5088 1.60629
141 76.5057 1.63547
142 76.5135 1.6405
143 76.6816 1.6442
144 76.86 1.64835
145 77.1732 1.65882
146 77.4371 1.66255
147 77.9058 1.66531
148 78.2592 1.66793
149 78.6215 1.67532
150 78.8335 1.68692
151 78.9697 1.69834
152 79.0233 1.70358
153 79.0441 1.70516
154 79.1961 1.69836
155 79.2994 1.70063
156 79.5161 1.71055
157 79.7626 1.71429
158 79.9954 1.71555
159 80.2713 1.71783
160 80.5948 1.6791
161 80.9562 1.71293
162 81.3025 1.72408
163 81.5801 1.73251
164 81.7962 1.74956
165 81.9361 1.75107
166 81.9653 1.74863
167 81.9831 1.75315
168 82.1234 1.75521
169 82.3932 1.76104
170 82.6937 1.76597
171 82.9045 1.76925
172 83.1997 1.77444
173 83.5057 1.77894
174 83.9949 1.78255
175 84.4223 1.79366
176 84.7442 1.802
177 84.9973 1.80459
178 85.1097 1.81526
179 85.1083 1.80867
180 85.1782 1.75663
181 85.399 1.78864
182 85.6731 1.79664
183 85.978 1.80664
184 86.7871 1.80917
185 87.1868 1.82037
186 87.6345 1.83046
187 88.0181 1.84392
188 88.3597 1.85669
189 88.6549 1.86117
190 88.8287 1.87032
191 88.9106 1.8632
192 88.9254 1.86448
193 89.0649 1.86544
194 89.2913 1.86562
195 89.558 1.86876
196 89.8641 1.87155
197 90.2114 1.87403
198 90.6441 1.88676
199 91.1047 1.89502
200 91.519 1.84222
201 91.8425 1.87322
202 92.0299 1.88488
203 92.1655 1.88882
204 92.2153 1.88488
205 92.2937 1.88577
206 92.4887 1.8886
207 92.7724 1.89188
208 93.0771 1.89268
209 93.4738 1.83676
210 93.9544 1.84891
211 94.4292 1.84714
212 94.9156 1.85534
213 95.3257 1.86716
214 95.7982 1.8716
215 96.0638 1.87426
216 96.2424 1.87754
217 96.2897 1.88072
218 96.4918 1.88534
219 96.9306 1.88839
220 97.5186 1.82551
221 97.9165 1.85682
222 98.3197 1.86512
223 98.8901 1.87087
224 99.5425 1.87639
225 99.9995 1.87757
226 100.348 1.89091
227 100.378 1.90054
228 100.412 1.90614
229 100.459 1.90823
230 100.411 1.91645
231 100.488 1.92137
232 100.615 1.92422
233 100.703 1.92626
234 100.939 1.93428
235 101.455 1.94493
236 101.64 1.93931
237 101.794 1.94654
238 101.957 1.9563
239 102.06 1.96591
240 102.21 1.91024
241 102.352 1.94195
242 102.336 1.94432
243 102.325 1.94499
244 102.401 1.94483
245 102.619 1.93588
246 102.689 1.93876
247 102.812 1.93974
248 102.939 1.94146
249 103.091 1.94653
250 103.228 1.95177
251 103.312 1.96235
252 103.349 1.97076
253 103.295 1.97336
254 103.329 2.00687
255 103.235 2.0116
256 103.285 2.01425
257 103.599 2.01978
258 103.579 2.02077
259 103.582 2.0242
260 103.645 1.95663
261 103.734 1.98771
262 103.869 2.00072
263 104.063 2.00371
264 104.141 2.00976
265 104.136 2.01663
266 104.099 2.01765
267 104.038 2.02045
268 103.888 2.02063
269 103.827 2.02269
270 103.8 2.02628
271 103.744 2.03185
272 103.735 2.03017
273 103.772 2.03272
274 103.846 2.03445
275 103.89 2.04084
276 103.935 2.05106
277 103.841 2.04547
278 103.771 2.04443
279 103.67 2.04853
280 103.54 1.96593
281 103.553 1.99585
282 103.537 2.00214
283 103.555 2.00776
284 103.698 2.01012
285 103.672 2.01267
286 103.66 2.01673
287 103.501 2.02817
288 103.378 2.0369
289 103.219 2.03872
290 103.03 2.0398
291 102.831 2.04163
292 102.605 2.04338
293 102.363 2.0451
294 102.345 2.04707
295 102.182 2.04575
296 102.009 2.04609
297 101.815 2.04816
298 101.636 2.05067
299 101.506 2.05084
300 101.499 1.97102
301 101.366 1.99074
302 101.197 1.99551
303 100.975 1.99971
304 100.765 1.99864
305 100.504 2.00213
306 100.273 2.00488
307 100.072 2.00459
308 99.8768 2.00712
309 99.6726 2.00491
310 99.4771 2.00822
311 99.2565 2.00954
312 99.0781 2.01037
313 98.9958 2.01107
314 98.8075 2.01423
315 98.6099 2.01892
316 98.3947 2.02036
317 98.1493 2.02071
318 97.9001 2.02264
319 97.6672 2.02284
320 97.511 1.94804
321 97.3751 1.9741
322 97.1854 1.97879
323 96.9752 1.98307
324 96.7786 1.98358
325 96.593 1.98641
326 96.3965 1.98809
327 96.2307 1.99059
328 96.2123 2.00008
329 95.9591 2.00381
330 95.6929 2.00889
331 95.4215 2.01104
332 95.2341 2.01236
333 95.2124 2.01377
334 94.9965 2.01507
335 94.8159 2.01641
336 94.6709 2.02684
337 94.4768 2.03321
338 94.2591 2.04303
339 94.0263 2.04805
340 93.8701 1.97871
341 93.6941 2.00623
342 93.4242 2.01083
343 93.1594 2.01407
344 92.9121 2.01836
345 92.7006 2.02012
346 92.4873 2.02121
347 92.2823 2.02247
348 92.1478 2.02479
349 91.9635 2.02738
350 91.7434 2.03025
351 91.5567 2.03557
352 91.4892 2.0359
353 91.29 2.04139
354 91.2103 2.04357
355 91.1286 2.03936
356 90.8583 2.03982
357 90.7025 2.04273
358 90.5094 2.04415
359 90.2886 2.04483
360 90.117 1.97532
361 89.9539 2.00387
362 89.7727 2.00751
363 89.5911 2.0103
364 89.4179 2.01543
365 89.1998 2.02806
366 88.9841 2.03413
367 88.8682 2.0538
368 88.6172 2.06743
369 88.3913 2.06915
370 88.1845 2.07166
371 88.147 2.07297
372 88.032 2.07277
373 87.7929 2.07359
374 87.5955 2.07593
375 87.3895 2.0797
376 87.1586 2.08282
377 86.9147 2.08562
378 86.69 2.08633
379 86.5635 2.08939
380 86.3437 1.98802
381 86.1134 2.01501
382 85.8845 2.01891
383 85.7997 2.02414
384 85.5965 2.02922
385 85.3489 2.03323
386 85.1535 2.06637
387 84.8984 2.07017
388 84.6577 2.07075
389 84.4169 2.07369
390 84.2864 2.07668
391 84.0208 2.08146
392 83.7532 2.08725
393 83.459 2.08942
394 83.1295 2.09076
395 82.8322 2.09062
396 82.606 2.09366
397 82.39 2.09454
398 82.1485 2.09485
399 82.025 2.09848
400 81.8877 1.99355
401 81.7541 2.05161
402 81.657 2.05077
403 81.3932 2.05516
404 81.1388 2.05796
405 80.9403 2.06083
406 80.6439 2.06313
407 80.3411 2.06502
408 80.1469 2.06723
409 80.0118 2.06955
410 79.8191 2.07159
411 79.7104 2.07589
412 79.6381 2.08138
413 79.4575 2.0838
414 79.1748 2.08505
415 78.939 2.08718
416 78.6593 2.08807
417 78.3698 2.09517
418 78.0801 2.09707
419 77.7573 2.1005
420 77.5567 1.99292
421 77.3841 2.04064
422 77.1346 2.05122
423 76.9215 2.05651
424 76.7348 2.05988
425 76.5184 2.0662
426 76.2954 2.0669
427 76.0445 2.06847
428 75.81 2.07035
429 75.5391 2.07174
430 75.294 2.07393
431 75.0411 2.0768
432 74.7549 2.07842
433 74.4751 2.07902
434 74.2201 2.08168
435 73.9977 2.08388
436 73.7474 2.08503
437 73.5229 2.0868
438 73.32 2.089
439 73.1207 2.09649
440 72.9871 2.01169
441 72.8891 2.05714
442 72.6747 2.06113
443 72.4394 2.06732
444 72.1796 2.07608
445 71.9161 2.07764
446 71.6825 2.08018
447 71.5072 2.08392
448 71.2925 2.0872
449 71.2636 2.10548
450 71.0867 2.11663
451 71.0124 2.11968
452 70.9326 2.11592
453 70.7218 2.11835
454 70.5054 2.11975
455 70.2972 2.12234
456 70.0456 2.12576
457 69.783 2.12841
458 69.5332 2.12848
459 69.3948 2.1307
460 69.2182 2.04171
461 69.0819 2.0898
462 68.9139 2.09088
463 68.7774 2.09653
464 68.5922 2.09959
465 68.4179 2.10233
466 68.2476 2.10533
467 68.1144 2.11111
468 67.9302 2.11128
469 67.7748 2.1163
470 67.5416 2.12415
471 67.3241 2.12516
472 67.1974 2.12575
473 67.0125 2.12972
474 66.8691 2.13078
475 66.7123 2.13208
476 66.5815 2.13472
477 66.5089 2.13687
478 66.4034 2.13777
479 66.2351 2.14047
480 66.0865 2.05037
481 65.925 2.09424
482 65.693 2.1005
483 65.4384 2.10295
484 65.2025 2.10529
485 64.9882 2.10947
486 64.7761 2.11318
487 64.6591 2.12927
488 64.4955 2.14105
489 64.2897 2.14737
490 64.0768 2.14972
491 63.8833 2.15339
492 63.6674 2.15742
493 63.468 2.16286
494 63.2547 2.16293
495 63.0251 2.16624
496 62.7877 2.1717
497 62.6181 2.17534
498 62.5762 2.17258
499 62.408 2.17596
500 62.2676 2.06553
501 62.1615 2.11438
502 61.9773 2.11921
503 61.8283 2.12331
504 61.6838 2.13337
505 61.515 2.13958
506 61.3486 2.14081
507 61.1504 2.14422
508 60.9963 2.14656
509 60.9107 2.14955
510 60.7479 2.15294
511 60.606 2.1559
512 60.4663 2.1593
513 60.3451 2.16317
514 60.24 2.16497
515 60.1143 2.17099
516 59.9592 2.17313
517 59.8864 2.17661
518 59.809 2.18115
519 59.6526 2.18111
520 59.4986 2.10288
521 59.3724 2.15506
522 59.2397 2.15981
523 59.1064 2.1657
524 58.9891 2.16919
525 58.8676 2.1755
526 58.7592 2.17945
527 58.6204 2.18336
528 58.4738 2.18372
529 58.3345 2.18731
530 58.193 2.19244
531 58.0471 2.19799
532 57.8689 2.19973
533 57.6606 2.20172
534 57.5084 2.20142
535 57.4477 2.19537
536 57.3383 2.19733
537 57.2182 2.2001
538 57.1027 2.20235
539 57.002 2.20409
540 56.923 2.12518
541 56.8651 2.17482
542 56.7338 2.18063
543 56.5902 2.18447
544 56.4722 2.18598
545 56.3294 2.19033
546 56.1597 2.19117
547 56.0533 2.20116
548 55.9579 2.20541
549 55.8538 2.21035
550 55.7851 2.22733
551 55.7011 2.2307
552 55.636 2.23413
553 55.5398 2.23743
554 55.4255 2.23882
555 55.2994 2.24194
556 55.1593 2.24247
557 55.0143 2.24335
558 54.8842 2.24299
559 54.7682 2.24811
560 54.7155 2.16964
561 54.7022 2.21533
562 54.6216 2.22044
563 54.5435 2.22566
564 54.4769 2.22736
565 54.4076 2.23034
566 54.3337 2.23115
567 54.2374 2.23732
568 54.1447 2.23995
569 54.0565 2.24363
570 53.9511 2.24399
571 53.8182 2.24167
572 53.6904 2.24345
573 53.5994 2.24667
574 53.5252 2.25259
575 53.4348 2.2555
576 53.3501 2.25752
577 53.2959 2.26246
578 53.2391 2.26427
579 53.1328 2.26752
580 53.1215 2.19183
581 53.0731 2.23422
582 52.9731 2.2372
583 52.8442 2.24215
584 52.7547 2.24401
585 52.6911 2.25038
586 52.6527 2.25347
587 52.5854 2.25929
588 52.5014 2.26
589 52.4195 2.26391
590 52.349 2.26624
591 52.3049 2.26924
592 52.2302 2.27112
593 52.1497 2.27516
594 52.0891 2.29354
595 52.0399 2.32364
596 51.9319 2.33022
597 51.8439 2.32867
598 51.7563 2.33184
599 51.7196 2.33654
600 51.7148 2.2568
601 51.7309 2.30571
602 51.6787 2.30669
603 51.6414 2.30983
604 51.5874 2.31211
605 51.5191 2.31078
606 51.4591 2.30972
607 51.3929 2.31606
608 51.2834 2.31733
609 51.1675 2.3198
610 51.2375 2.32018
611 51.2128 2.32386
612 51.1771 2.3261
613 51.1151 2.33016
614 51.0726 2.33109
615 51.027 2.33574
616 50.987 2.33748
617 50.9697 2.33968
618 50.9519 2.33988
619 50.9107 2.34182
620 50.8807 2.26427
621 50.8695 2.31391
622 50.7919 2.32127
623 50.7764 2.32589
624 50.7827 2.32858
625 50.7891 2.33929
626 50.782 2.3446
627 50.7493 2.34937
628 50.7073 2.35339
629 50.6734 2.35686
630 50.6827 2.35968
631 50.7177 2.36625
632 50.7077 2.36704
633 50.6106 2.37099
634 50.484 2.37149
635 50.5641 2.39487
636 50.6541 2.41501
637 50.7223 2.42226
638 50.6954 2.42377
639 50.6649 2.42783
640 50.6639 2.30877
641 50.6895 2.35664
642 50.6847 2.3626
643 50.6776 2.36734
644 50.6562 2.37033
645 50.6219 2.37688
646 50.5519 2.37226
647 50.4873 2.37694
648 50.4674 2.37724
649 50.4601 2.37937
650 50.458 2.3829
651 50.4381 2.38946
652 50.4151 2.39359
653 50.4006 2.3984
654 50.3817 2.40096
655 50.3623 2.40502
656 50.338 2.40998
657 50.3287 2.41281
658 50.3127 2.41547
659 50.2609 2.41846
660 50.2442 2.32925
661 50.3277 2.37928
662 50.3355 2.38565
663 50.2986 2.39071
664 50.4242 2.4122
665 50.4805 2.43311
666 50.4946 2.43617
667 50.4917 2.43904
668 50.4788 2.44074
669 50.4949 2.44706
670 50.5236 2.445
671 50.4768 2.44152
672 50.414 2.44069
673 50.3645 2.44265
674 50.3255 2.44306
675 50.2804 2.44588
676 50.2202 2.44746
677 50.2211 2.45967
678 50.2334 2.46048
679 50.2379 2.46451
680 50.2319 2.35648
681 50.2961 2.40464
682 50.2769 2.41238
683 50.2122 2.41702
684 50.1103 2.41746
685 50.0517 2.4247
686 50 2.42455
687 49.9531 2.42962
688 49.8936 2.43142
689 49.8348 2.4363
690 49.8145 2.43058
691 49.7892 2.44388
692 49.7349 2.44478
693 49.6846 2.44628
694 49.6714 2.44897
695 49.6156 2.45679
696 49.5251 2.45797
697 49.4021 2.45888
698 49.324 2.46096
699 49.294 2.46404
700 49.3154 2.39099
701 49.323 2.42368
702 49.2813 2.4275
703 49.2561 2.43556
704 49.2645 2.44096
705 49.2515 2.45134
706 49.2214 2.45224
707 49.1941 2.4551
708 49.2402 2.46826
709 49.1779 2.47878
710 49.0791 2.4804
711 49.019 2.48647
712 48.9942 2.48749
713 48.9756 2.49146
714 48.9909 2.49165
715 48.9473 2.49408
716 48.9369 2.48823
717 48.8893 2.49088
718 48.8233 2.4901
719 48.8069 2.49437
720 48.796 2.40169
721 48.7849 2.44931
722 48.6909 2.45154
723 48.6083 2.45728
724 48.547 2.46009
725 48.5203 2.46454
726 48.4817 2.46605
727 48.4176 2.46621
728 48.3711 2.47067
729 48.3201 2.47445
730 48.2506 2.48082
731 48.2249 2.48352
732 48.1657 2.48443
733 48.111 2.48806
734 48.0299 2.49006
735 47.923 2.49379
736 47.8875 2.494
737 47.8757 2.49668
738 47.854 2.49958
739 47.819 2.50251
740 47.8083 2.42559
741 47.8544 2.46685
742 47.7994 2.47077
743 47.7421 2.47384
744 47.6957 2.4767
745 47.651 2.48263
746 47.6459 2.48403
747 47.5767 2.48668
748 47.4987 2.48826
749 47.4556 2.49231
750 47.4395 2.48335
751 47.4169 2.48637
752 47.3806 2.48758
753 47.349 2.49086
754 47.3149 2.4929
755 47.2452 2.50029
756 47.1752 2.5031
757 47.1145 2.50648
758 47.1052 2.50711
759 47.0927 2.50957
760 47.0445 2.43485
761 47.0629 2.48243
762 47.0436 2.48795
763 47.0303 2.49355
764 46.9967 2.49837
765 46.9442 2.5047
766 46.9022 2.50769
767 46.8497 2.50381
768 46.7833 2.50511
769 46.7273 2.51052
770 46.6901 2.51153
771 46.6428 2.51462
772 46.5706 2.51551
773 46.5013 2.51875
774 46.4666 2.52057
775 46.4426 2.52378
776 46.4404 2.52574
777 46.4337 2.52796
778 46.4249 2.52937
779 46.4379 2.53349
780 46.4186 2.4617
781 46.4185 2.50896
782 46.3671 2.51681
783 46.3507 2.5204
784 46.3351 2.52356
785 46.2424 2.52867
786 46.1629 2.53088
787 46.1377 2.53442
788 46.1273 2.53552
789 46.2881 2.56664
790 46.2517 2.57951
791 46.1889 2.58755
792 46.1264 2.58981
793 46.0552 2.58613
794 45.9808 2.58897
795 45.9256 2.59034
796 45.8747 2.59028
797 45.836 2.58313
798 45.7877 2.58342
799 45.7227 2.58738
800 45.7288 2.47875
801 45.7661 2.52708
802 45.7441 2.53025
803 45.7071 2.53627
804 45.6549 2.53798
805 45.5807 2.54287
806 45.4967 2.54534
807 45.4756 2.55034
808 45.4265 2.55302
809 45.3662 2.5528
810 45.2587 2.55523
811 45.1677 2.55885
812 45.1188 2.56252
813 45.0973 2.56655
814 45.0572 2.57164
815 45.014 2.57528
816 44.955 2.57585
817 44.9234 2.57853
818 44.8644 2.58019
819 44.9519 2.57761
820 45.0028 2.50176
821 45.0454 2.55164
822 45.0358 2.55462
823 44.9388 2.55822
824 44.8718 2.56075
825 44.8288 2.56422
826 44.7962 2.57061
827 44.7825 2.57593
828 44.7564 2.57838
829 44.7251 2.57789
830 44.6753 2.58231
831 44.6247 2.58377
832 44.6079 2.58514
833 44.6112 2.58863
834 44.6033 2.58987
835 44.5332 2.59134
836 44.4329 2.59259
837 44.3498 2.59514
838 44.3057 2.59733
839 44.2566 2.60167
840 44.2623 2.52471
841 44.3176 2.57495
842 44.324 2.57754
843 44.2852 2.58155
844 44.2331 2.5833
845 44.2238 2.58623
846 44.1866 2.58214
847 44.1364 2.58257
848 44.0514 2.58471
849 43.977 2.58895
850 43.9238 2.5895
851 43.9202 2.59692
852 43.8911 2.59742
853 43.8756 2.60099
854 43.8493 2.60286
855 43.8126 2.60499
856 43.7761 2.60645
857 43.7363 2.61025
858 43.7046 2.61323
859 43.6623 2.61683
860 43.9747 2.56991
861 43.964 2.63712
862 43.9237 2.68843
863 43.8615 2.71577
864 43.7996 2.7184
865 43.7581 2.72617
866 43.7167 2.73207
867 43.6938 2.73746
868 43.6609 2.73857
869 43.5906 2.74148
870 43.5457 2.74258
871 43.491 2.74701
872 43.4315 2.74706
873 43.3413 2.74379
874 43.2418 2.74385
875 43.1807 2.74657
876 43.135 2.74821
877 43.0979 2.75132
878 43.0692 2.75556
879 43.0221 2.75847
880 43.0476 2.61498
881 43.0622 2.65887
882 43.0569 2.66106
883 43.0394 2.66505
884 43.0121 2.66667
885 42.9556 2.67324
886 42.8752 2.67859
887 42.8007 2.68047
888 42.7519 2.68177
889 42.728 2.68916
890 42.6986 2.69299
891 42.7046 2.69944
892 42.6713 2.70176
893 42.6283 2.70462
894 42.578 2.70776
895 42.5244 2.70872
896 42.4866 2.70995
897 42.4536 2.71354
898 42.3963 2.71032
899 42.3061 2.71247
900 42.2864 2.63341
901 42.3317 2.68093
902 42.3292 2.68564
903 42.2809 2.69252
904 42.2598 2.69706
905 42.2425 2.70097
906 42.2146 2.70144
907 42.1887 2.70367
908 42.1715 2.70361
909 42.1553 2.70802
910 42.1336 2.70992
911 42.0659 2.71358
912 41.9823 2.71739
913 41.9478 2.72121
914 41.9464 2.72163
915 41.9336 2.72655
916 41.9252 2.72882
917 41.9847 2.74115
918 42.2748 2.73764
919 42.3329 2.73983
920 42.4325 2.64566
921 42.582 2.68887
922 42.5598 2.69127
923 42.5607 2.69691
924 42.5412 2.69792
925 42.5486 2.70137
926 42.5141 2.70504
927 42.4853 2.71149
928 42.5503 2.71804
929 42.5826 2.72619
930 42.6272 2.72817
931 42.6778 2.73425
932 42.719 2.73712
933 42.8097 2.74991
934 42.9054 2.76283
935 43.0548 2.80235
936 43.1392 2.79214
937 43.0996 2.79552
938 43.1017 2.79986
939 43.0863 2.8024
940 43.1295 2.72219
941 43.2034 2.77351
942 43.3138 2.78675
943 43.4759 2.78485
944 43.5855 2.7935
945 43.6286 2.80101
946 43.6728 2.8156
947 43.7073 2.81348
948 43.6964 2.81745
949 43.6617 2.82523
950 43.5929 2.8291
951 43.5616 2.83405
952 43.5789 2.84243
953 43.6336 2.86071
954 43.6387 2.87191
955 43.6584 2.87802
956 43.9414 2.85192
957 43.9739 2.85272
958 43.9695 2.85385
959 43.9619 2.85768
960 44.0039 2.7782
961 44.0753 2.8238
962 44.0049 2.82845
963 44.0054 2.83364
964 44.1023 2.8344
965 44.0946 2.84586
966 44.0589 2.85118
967 44.0715 2.85516
968 44.0777 2.85717
969 44.0821 2.86617
970 44.0386 2.86592
971 44.046 2.89347
972 44.0673 2.89542
973 44.0433 2.90356
974 44.0074 2.90744
975 43.9495 2.91326
976 43.9342 2.91494
977 43.9391 2.91866
978 43.9526 2.92546
979 43.9796 2.92957
980 44.0387 2.84939
981 44.0905 2.88663
982 44.0589 2.89136
983 44.105 2.89472
984 44.1237 2.89983
985 44.1526 2.90046
986 44.2231 2.90289
987 44.2571 2.91263
988 44.1936 2.91228
989 44.1615 2.91285
990 44.2554 2.908
991 44.2532 2.91483
992 44.2476 2.91728
993 44.2914 2.91568
994 44.2902 2.91784
995 44.3193 2.92165
996 44.3178 2.92214
997 44.3504 2.9286
998 44.4079 2.93948
999 44.3882 2.95396
1000 44.405 2.87218
1001 44.6579 2.95374
1002 44.6601 3.0002
1003 44.6377 3.00858
1004 44.6734 3.01223
1005 44.6607 3.01719
1006 44.6251 3.02004
1007 44.6075 3.02591
1008 44.5911 3.02663
1009 44.5714 3.03236
1010 44.5381 3.04599
1011 44.5046 3.05789
1012 44.4797 3.05885
1013 44.4569 3.06274
1014 44.4645 3.06237
1015 44.4975 3.0652
1016 44.5399 3.06968
1017 44.5816 3.07246
1018 44.7092 3.08039
1019 44.7741 3.08672
1020 44.9861 2.98637
1021 45.0708 3.03011
1022 45.0485 3.03851
