0 0.0129882 0.129524
1 0.014843 0.133938
2 0.0164147 0.135326
3 0.0170064 0.135883
4 0.0175531 0.136253
5 0.0178115 0.136848
6 0.0183336 0.137001
7 0.0189648 0.137318
8 0.0193477 0.13736
9 0.0197462 0.137157
10 0.0200568 0.137814
11 0.0203023 0.138317
12 0.0207063 0.139488
13 0.0212122 0.139797
14 0.0216712 0.140274
15 0.0221202 0.139946
16 0.0225359 0.140194
17 0.0227855 0.141319
18 0.023175 0.141308
19 0.0236655 0.142044
20 0.0415069 0.138031
21 0.0576896 0.141632
22 0.0736335 0.143345
23 0.0891683 0.142929
24 0.104898 0.142906
25 0.120431 0.142426
26 0.13562 0.143028
27 0.15068 0.144794
28 0.165662 0.144539
29 0.180631 0.14481
30 0.19519 0.145985
31 0.210273 0.131462
32 0.22486 0.131363
33 0.239351 0.131767
34 0.253479 0.13176
35 0.267357 0.131836
36 0.2814 0.132526
37 0.294742 0.132427
38 0.308495 0.132843
39 0.322647 0.132793
40 0.613239 0.183208
41 1.04382 0.23547
42 1.3606 0.246658
43 1.65086 0.250469
44 1.92363 0.2542
45 2.19611 0.258442
46 2.45563 0.266655
47 2.70726 0.284279
48 2.94759 0.29847
49 3.18737 0.308414
50 3.42115 0.318451
51 3.67155 0.32325
52 3.92595 0.33136
53 4.16917 0.370529
54 4.41659 0.345005
55 4.65806 0.360939
56 4.87298 0.371365
57 5.0846 0.38118
58 5.30105 0.386688
59 5.51697 0.392509
60 5.74825 0.37674
61 5.96013 0.396534
62 6.18622 0.412956
63 6.40436 0.419392
64 6.61344 0.422268
65 6.81337 0.430779
66 7.00565 0.438759
67 7.21324 0.453869
68 7.40526 0.463337
69 7.59589 0.505604
70 7.7771 0.476116
71 7.94868 0.48267
72 8.12512 0.491344
73 8.296 0.497963
74 8.46382 0.505253
75 8.62467 0.5116
76 8.79126 0.518314
77 8.95145 0.516571
78 9.1106 0.522892
79 9.26368 0.52877
80 9.45531 0.509972
81 9.64889 0.532917
82 9.88615 0.543037
83 10.104 0.556721
84 10.3124 0.565872
85 10.4946 0.575119
86 10.6545 0.580524
87 10.8419 0.587746
88 11.093 0.61256
89 11.3009 0.61887
90 11.4918 0.628979
91 11.6579 0.635654
92 11.8139 0.645683
93 12.0136 0.654522
94 12.1969 0.65731
95 12.398 0.668968
96 12.6006 0.679207
97 12.7802 0.691341
98 12.9485 0.701328
99 13.1372 0.751595
100 13.3289 0.701233
101 13.4933 0.726055
102 13.6571 0.734409
103 13.8098 0.743797
104 13.9495 0.752472
105 14.1046 0.763836
106 14.2741 0.774151
107 14.4538 0.783566
108 14.6545 0.791313
109 14.8444 0.798389
110 15.0288 0.808952
111 15.1812 0.819107
112 66.0414 1.77876
113 66.0261 1.8745
114 65.9544 1.88998
115 65.8268 1.90266
116 65.76 1.91589
117 65.6472 1.92105
118 65.5879 1.93259
119 65.5832 1.94621
120 65.6633 1.87431
121 65.7625 1.9357
122 65.7152 1.95021
123 65.6657 1.95971
124 65.6471 1.96777
125 65.6188 1.97662
126 65.6 1.98594
127 65.5139 1.99413
128 65.5511 2.00864
129 65.638 2.01461
130 65.7031 2.03126
131 65.7324 2.03667
132 65.6866 2.04945
133 65.7662 2.06033
134 65.8022 2.07178
135 65.9958 2.07764
136 66.2219 2.0858
137 66.2556 2.08753
138 66.2735 2.09954
139 66.2753 2.10954
140 66.2403 2.0475
141 66.2294 2.10519
142 66.1678 2.11645
143 66.0833 2.12452
144 66.0672 2.13319
145 66.3 2.14554
146 66.4207 2.15661
147 66.5113 2.16772
148 66.7274 2.17668
149 66.7674 2.17945
150 66.879 2.18515
151 67.1119 2.18988
152 67.1422 2.19999
153 67.1396 2.204
154 67.1067 2.21107
155 67.0358 2.22076
156 66.9766 2.22457
157 67.1651 2.23412
158 67.2953 2.2445
159 67.4438 2.29321
160 67.9324 2.16051
161 68.1387 2.22633
162 68.1882 2.23653
163 68.1794 2.23833
164 68.2382 2.25436
165 68.2943 2.2621
166 68.2849 2.27436
167 68.2989 2.28277
168 68.3899 2.28605
169 68.4525 2.29916
170 68.5159 2.30928
171 68.6059 2.31901
172 68.7514 2.32756
173 68.8266 2.33168
174 68.8603 2.3392
175 68.9756 2.32777
176 68.9768 2.33506
177 68.9924 2.3396
178 68.9814 2.35042
179 68.9663 2.35305
180 68.9077 2.25146
181 69.0019 2.28919
182 69.0303 2.30125
183 69.0716 2.30577
184 69.2115 2.318
185 69.3793 2.32079
186 69.4662 2.33014
187 69.5181 2.33691
188 69.7059 2.34497
189 69.8266 2.34722
190 69.973 2.35729
191 70.1194 2.35848
192 70.2435 2.37063
193 70.3553 2.3622
194 70.5319 2.39271
195 70.7259 2.39993
196 70.9437 2.40703
197 71.2352 2.41482
198 71.4013 2.42059
199 71.5134 2.42478
200 71.7577 2.34223
201 71.9132 2.38129
202 72.0562 2.3971
203 72.1295 2.40551
204 72.2505 2.42005
205 72.4758 2.42244
206 72.59 2.4296
207 72.694 2.43816
208 72.8079 2.44394
209 73.0744 2.44827
210 73.3156 2.45681
211 73.4601 2.46255
212 73.5056 2.46746
213 73.5896 2.46908
214 73.716 2.47635
215 73.8447 2.48054
216 73.9731 2.48792
217 74.1031 2.49455
218 74.1555 2.51747
219 74.6727 2.1004
220 74.7538 2.02646
221 74.996 2.0699
222 75.1375 2.08948
223 75.2427 2.09822
224 75.491 2.11407
225 75.6027 2.12048
226 75.6835 2.12865
227 75.7876 2.13425
228 75.8356 2.15757
229 75.8999 2.16287
230 76.0277 2.16925
231 76.0347 2.17466
232 76.0932 2.18028
233 76.1293 2.1866
234 76.2667 2.19588
235 76.5416 2.20157
236 76.7558 2.21015
237 76.8244 2.23647
238 76.9419 2.22191
239 77.2567 2.22725
240 77.5709 2.14435
241 77.7634 2.19569
242 77.8904 2.2137
243 77.9558 2.21809
244 78.1173 2.12697
245 78.3026 2.12809
246 78.4438 2.13087
247 78.5343 2.13309
248 78.6633 2.13901
249 78.7615 2.14203
250 78.896 2.14515
251 79.062 2.16065
252 79.1377 2.16948
253 79.2396 2.17334
254 79.3254 2.18229
255 79.4022 2.18403
256 79.4834 2.21566
257 79.6311 2.22267
258 79.7567 2.22675
259 79.9732 2.22867
260 80.0331 2.11628
261 80.1356 2.15923
262 80.1721 2.17801
263 80.2284 2.18198
264 80.2741 2.19424
265 80.5126 2.2009
266 80.7245 2.21083
267 80.9221 2.26535
268 81.1204 2.23029
269 81.1202 2.23265
270 81.1378 2.24773
271 81.1431 2.19503
272 81.1524 2.20087
273 81.1622 2.20531
274 81.2069 2.21371
275 81.2449 2.21441
276 81.3018 2.22279
277 81.4414 2.22891
278 81.4994 2.23515
279 81.6017 2.23861
280 81.6468 2.11725
281 81.6762 2.15179
282 81.7446 2.16286
283 81.8262 2.18693
284 81.8506 2.2142
285 81.903 2.22327
286 82.0009 2.23334
287 82.1907 2.23756
288 82.2935 2.24153
289 82.5236 2.25882
290 82.6098 2.26217
291 82.6487 2.26465
292 82.6851 2.27369
293 82.732 2.28089
294 82.9081 2.30381
295 82.9812 2.29843
296 82.9556 2.31669
297 82.9607 2.26405
298 83.063 2.27089
299 83.2507 2.27458
300 83.3259 2.17009
301 83.4088 2.21249
302 83.5492 2.22192
303 83.632 2.23244
304 83.5865 2.25174
305 83.5453 2.25433
306 83.4505 2.26285
307 83.3514 2.26625
308 83.3021 2.27418
309 83.266 2.27622
310 83.3991 2.27946
311 83.4268 2.31723
312 83.4614 2.32623
313 83.4733 2.32785
314 83.4554 2.3344
315 83.4498 2.33752
316 83.4713 2.34575
317 83.447 2.34641
318 83.3904 2.35387
319 83.4025 2.35512
320 83.4114 2.26826
321 83.3753 2.30872
322 83.4416 2.27874
323 83.5726 2.28579
324 83.5738 2.30463
325 83.5823 2.31528
326 83.518 2.31698
327 83.526 2.32259
328 83.5641 2.33135
329 83.5047 2.33434
330 83.4138 2.33489
331 83.3508 2.3372
332 83.2859 2.34077
333 83.26 2.33532
334 83.1305 2.34169
335 83.067 2.34484
336 83.0119 2.33454
337 83.0087 2.36861
338 82.9587 2.37141
339 82.8998 2.37727
340 82.9836 2.2724
341 82.9971 2.31699
342 82.9429 2.32824
343 82.9085 2.33519
344 82.8566 2.34766
345 82.7308 2.35249
346 82.7424 2.365
347 82.7192 2.36475
348 82.6482 2.377
349 82.6008 2.32628
350 82.5408 2.33722
351 82.4807 2.34571
352 82.4343 2.35561
353 82.487 2.35801
354 82.641 2.36901
355 82.6271 2.37057
356 82.6815 2.36866
357 82.6474 2.37484
358 82.5842 2.37164
359 82.4982 2.39638
360 82.5166 2.27845
361 82.4779 2.31998
362 82.4714 2.33419
363 82.6538 2.34419
364 82.6617 2.35168
365 82.6186 2.35851
366 82.5855 2.3633
367 82.5273 2.36948
368 82.4799 2.41079
369 82.4369 2.38975
370 82.3605 2.39552
371 82.2735 2.39804
372 82.2341 2.40766
373 82.1924 2.40974
374 82.1085 2.42102
375 82.0779 2.37612
376 82.0373 2.38519
377 81.9718 2.3812
378 81.8992 2.38996
379 81.8203 2.39135
380 81.8791 2.26862
381 81.8369 2.30975
382 81.7216 2.32063
383 81.5889 2.32526
384 81.4653 2.33522
385 81.4157 2.36344
386 81.2994 2.36507
387 81.2014 2.37211
388 81.1263 2.37976
389 81.1576 2.39183
390 81.2559 2.39722
391 81.185 2.40395
392 81.1076 2.41708
393 80.9959 2.41796
394 80.92 2.45115
395 80.8605 2.43349
396 80.8516 2.44188
397 80.8848 2.44594
398 80.9886 2.44809
399 80.9446 2.45464
400 80.9469 2.29308
401 81.0382 2.33672
402 81.1573 2.35241
403 81.2305 2.36655
404 81.3697 2.38195
405 81.3301 2.38922
406 81.2032 2.39309
407 81.0485 2.39919
408 80.9372 2.40516
409 80.8876 2.41274
410 80.7866 2.41656
411 80.6606 2.42448
412 80.5757 2.42501
413 80.4243 2.4521
414 80.2878 2.45382
415 80.2442 2.46021
416 80.1582 2.46399
417 80.2516 2.47231
418 80.1676 2.48867
419 80.0331 2.49341
420 79.9474 2.38102
421 79.8131 2.42471
422 79.6748 2.43464
423 79.5775 2.4485
424 79.5328 2.48333
425 79.4653 2.4609
426 79.3478 2.47373
427 79.25 2.42971
428 79.17 2.44241
429 79.1136 2.44065
430 79.0453 2.45948
431 78.9127 2.46396
432 78.754 2.46646
433 78.597 2.47413
434 78.4721 2.4859
435 78.3617 2.48287
436 78.2174 2.49282
437 78.1971 2.49402
438 78.1305 2.49693
439 78.0187 2.52027
440 78.1132 2.40358
441 78.1269 2.44523
442 78.1066 2.46463
443 78.0602 2.47149
444 77.9662 2.47568
445 77.8668 2.48304
446 77.7289 2.48802
447 77.5869 2.49316
448 77.4752 2.49786
449 77.3733 2.50253
450 77.3704 2.55746
451 77.2864 2.5236
452 77.1877 2.5378
453 77.1128 2.49078
454 77.0692 2.49518
455 77.0283 2.49743
456 77.0147 2.50936
457 76.976 2.5139
458 76.8714 2.51383
459 76.7701 2.51167
460 76.7282 2.40901
461 76.7386 2.44777
462 76.7413 2.45945
463 76.7073 2.4728
464 76.7246 2.47887
465 76.8759 2.47845
466 77.1268 2.49205
467 77.2293 2.4966
468 77.293 2.53934
469 77.3613 2.5485
470 77.5354 2.55617
471 77.5743 2.56031
472 77.5647 2.57006
473 77.4638 2.57369
474 77.3885 2.58475
475 77.2821 2.58677
476 77.2968 2.58893
477 77.1945 2.59163
478 77.1604 2.60321
479 77.1029 2.55317
480 77.1106 2.45202
481 77.1145 2.49698
482 77.0345 2.50623
483 76.9201 2.51327
484 76.8668 2.51412
485 76.7296 2.52402
486 76.5952 2.53069
487 76.476 2.52669
488 76.3907 2.53707
489 76.3411 2.5384
490 76.3162 2.54477
491 76.2807 2.54507
492 76.2429 2.5539
493 76.3216 2.55836
494 76.5388 2.5936
495 76.6492 2.59665
496 76.5456 2.60281
497 76.4488 2.60966
498 76.3626 2.61322
499 76.2275 2.61604
500 76.1761 2.5142
501 76.1232 2.55948
502 76.065 2.57539
503 75.9809 2.57794
504 75.9869 2.59425
505 75.9564 2.54842
506 75.9255 2.56128
507 75.8276 2.56697
508 75.6724 2.57479
509 75.4989 2.58976
510 75.3057 2.59558
511 75.1311 2.60092
512 75.0197 2.60873
513 75.0296 2.60669
514 75.0923 2.61293
515 75.0403 2.61195
516 75.0668 2.61943
517 75.0714 2.61827
518 75.0388 2.62734
519 75.1299 2.65651
520 75.1366 2.54419
521 75.0536 2.58786
522 74.9337 2.58924
523 74.7583 2.59923
524 74.6238 2.60167
525 74.5162 2.6164
526 74.5197 2.62968
527 74.5476 2.63101
528 74.5338 2.64262
529 74.5314 2.64499
530 74.6549 2.61263
531 74.7739 2.61766
532 74.843 2.62544
533 74.8003 2.63306
534 74.6873 2.63282
535 74.5203 2.63243
536 74.3825 2.6385
537 74.2671 2.64091
538 74.1624 2.64511
539 74.1143 2.64503
540 74.143 2.5218
541 74.2328 2.566
542 74.2356 2.58035
543 74.2508 2.58039
544 74.2238 2.59067
545 74.1269 2.61646
546 73.994 2.63322
547 73.8043 2.64004
548 73.7055 2.64714
549 73.6036 2.64982
550 73.5656 2.65974
551 73.5094 2.66203
552 73.4594 2.6689
553 73.4909 2.70345
554 73.388 2.70462
555 73.3468 2.70631
556 73.242 2.67747
557 73.1161 2.67617
558 72.935 2.68603
559 72.7488 2.69065
560 72.5868 2.55828
561 72.4791 2.63565
562 72.2987 2.64571
563 72.1608 2.65212
564 72.0254 2.66642
565 71.9598 2.67131
566 71.8884 2.67871
567 71.8412 2.68031
568 71.7835 2.68534
569 71.7445 2.71267
570 71.7377 2.72092
571 71.5774 2.7264
572 71.415 2.73268
573 71.2301 2.73579
574 71.0453 2.74501
575 70.9091 2.7383
576 70.8236 2.74451
577 70.7019 2.7474
578 70.6419 2.75186
579 70.6088 2.75779
580 70.5754 2.64704
581 70.631 2.74634
582 70.5241 2.7383
583 70.4041 2.70105
584 70.2626 2.70755
585 70.101 2.71357
586 69.957 2.72226
587 69.8492 2.72455
588 69.7372 2.72974
589 69.6296 2.73243
590 69.5347 2.74157
591 69.4907 2.74259
592 69.4614 2.7495
593 69.4753 2.75296
594 69.4779 2.75628
595 69.3944 2.77286
596 69.3232 2.78202
597 69.193 2.78402
598 69.0846 2.78859
599 68.9234 2.79308
600 68.858 2.66253
601 68.8798 2.73776
602 68.8885 2.74509
603 68.8711 2.75115
604 68.85 2.75789
605 68.8656 2.76789
606 68.811 2.7755
607 68.7286 2.80779
608 68.5896 2.79239
609 68.4346 2.75015
610 68.2921 2.75725
611 68.1687 2.7639
612 68.051 2.77381
613 67.9223 2.77474
614 67.8904 2.77936
615 67.8454 2.78674
616 67.8066 2.79177
617 67.7543 2.7909
618 67.7991 2.79801
619 67.7479 2.79934
620 67.7267 2.65973
621 67.6684 2.72832
622 67.5183 2.7381
623 67.39 2.74084
624 67.395 2.74899
625 67.3482 2.74957
626 67.2667 2.77921
627 67.2111 2.79541
628 67.1706 2.80435
629 67.0978 2.80922
630 67.0541 2.81591
631 67.0921 2.81965
632 67.1147 2.82574
633 67.0899 2.82835
634 66.9804 2.84105
635 66.8563 2.79083
636 66.7728 2.79955
637 66.6541 2.79927
638 66.5726 2.80405
639 66.4722 2.80814
640 66.4925 2.70153
641 66.4966 2.76425
642 66.558 2.77776
643 66.529 2.78378
644 66.5932 2.80976
645 66.5861 2.81771
646 66.5485 2.82698
647 66.493 2.83683
648 66.4731 2.84659
649 66.6193 2.85078
650 66.6385 2.85885
651 66.6728 2.86352
652 66.657 2.87672
653 66.735 2.88222
654 66.8968 2.88532
655 66.9814 2.87859
656 66.9545 2.88438
657 67.042 2.88929
658 67.0063 2.89528
659 66.9712 2.89577
660 66.8759 2.78781
661 66.8406 2.80639
662 66.7368 2.82067
663 66.6619 2.83621
664 66.6622 2.84946
665 66.6822 2.85662
666 66.6389 2.85352
667 66.6607 2.8567
668 66.7295 2.86242
669 66.7311 2.87281
670 66.7716 2.89693
671 66.7374 2.89578
672 66.6955 2.90451
673 66.6001 2.90499
674 66.6091 2.90746
675 66.4983 2.90956
676 66.5481 2.916
677 66.6143 2.91641
678 66.6596 2.92199
679 66.6865 2.92584
680 66.7871 2.8136
681 66.8619 2.88289
682 66.8792 2.89698
683 66.8238 2.90704
684 66.7323 2.9151
685 66.6044 2.92128
686 66.5098 2.93465
687 66.4232 2.88864
688 66.3294 2.89892
689 66.2216 2.90054
690 66.1583 2.90591
691 66.2482 2.91162
692 66.2696 2.91536
693 66.2943 2.91399
694 66.3684 2.91133
695 66.4094 2.9147
696 66.4829 2.9197
697 66.7176 2.92508
698 66.6734 2.92817
699 66.6268 2.93167
700 66.5938 2.84168
701 66.5861 2.91395
702 66.4905 2.92467
703 66.3994 2.93314
704 66.2838 2.93826
705 66.2754 2.94506
706 66.2029 2.94883
707 66.1562 2.95344
708 66.1283 2.96117
709 66.1047 2.9671
710 66.0537 2.97168
711 66.0799 2.97673
712 66.1294 2.99526
713 66.0022 2.94864
714 66.012 2.94892
715 65.8756 2.95147
716 65.8238 2.95211
717 65.7242 2.95655
718 65.8319 2.95436
719 65.8089 2.95517
720 65.8639 2.84295
721 65.953 2.90601
722 65.9705 2.91633
723 66.0057 2.92167
724 65.9472 2.92359
725 65.8919 2.9286
726 65.8097 2.95916
727 65.6742 2.96762
728 65.5493 2.97177
729 65.4576 2.97827
730 65.4133 2.98217
731 65.3763 2.98598
732 65.4295 2.99509
733 65.4648 2.99466
734 65.6338 2.99802
735 65.5811 3.00606
736 65.5933 3.01442
737 65.5831 3.0183
738 65.4884 3.02824
739 65.3666 2.9864
740 65.2948 2.8778
741 65.3564 2.95002
742 65.3332 2.96323
743 65.2932 2.96881
744 65.315 2.98462
745 65.2907 2.99633
746 65.4176 3.00092
747 65.5174 3.00549
748 65.5388 3.02651
749 65.4843 3.03154
750 65.3942 3.03832
751 65.3019 3.04214
752 65.1695 3.04539
753 65.2985 3.0466
754 65.223 3.05101
755 65.2214 3.05545
756 65.1964 3.06027
757 65.1982 3.09091
758 65.1615 3.06819
759 65.0864 3.07259
760 65.0299 2.96365
761 64.9991 3.03354
762 64.9039 3.03968
763 64.8203 3.04772
764 64.7415 3.06144
765 64.7052 3.01703
766 64.7651 3.02205
767 64.7134 3.03065
768 64.7759 3.03426
769 64.9268 3.03671
770 64.9776 3.04403
771 64.9969 3.04706
772 64.9714 3.05156
773 64.9696 3.04706
774 64.8912 3.07254
775 64.7963 3.08245
776 64.7331 3.08972
777 64.6383 3.08833
778 64.5438 3.09592
779 64.4624 3.0976
780 64.4793 2.98493
781 64.5668 3.05096
782 64.6299 3.05536
783 64.8028 3.0688
784 64.8081 3.07265
785 64.8115 3.07914
786 64.7558 3.08337
787 64.7032 3.08789
788 64.7241 3.09424
789 64.6635 3.10077
790 64.7625 3.1121
791 64.6563 3.07121
792 64.7739 3.07183
793 64.7476 3.08065
794 64.8468 3.0852
795 64.9432 3.09025
796 65.0001 3.09315
797 65.1398 3.0976
798 65.1386 3.09867
799 65.1169 3.10606
800 65.034 2.98121
801 65.0949 3.06692
802 65.0185 3.08287
803 65.0693 3.09502
804 65.0359 3.10567
805 64.9741 3.11166
806 64.8864 3.11639
807 64.8997 3.1232
808 64.9368 3.13078
809 64.9503 3.13419
810 64.9165 3.14535
811 64.8758 3.15023
812 64.8645 3.15501
813 64.774 3.15978
814 64.6672 3.15941
815 64.6029 3.17093
816 64.549 3.18149
817 64.597 3.13391
818 64.6439 3.13987
819 64.6663 3.14064
820 64.7772 3.02507
821 64.8866 3.09278
822 64.9488 3.09867
823 65.0348 3.10568
824 64.9212 3.11235
825 64.8662 3.11861
826 64.7827 3.12237
827 64.7016 3.14958
828 64.7761 3.17443
829 64.7969 3.1815
830 64.8757 3.18731
831 64.8587 3.18301
832 64.8614 3.18787
833 64.8684 3.19373
834 64.8621 3.2003
835 64.8945 3.20845
836 64.8362 3.21868
837 64.8093 3.26284
838 64.7363 3.23033
839 64.6391 3.23618
840 64.6049 3.13109
841 64.6388 3.20275
842 64.6357 3.17749
843 64.6735 3.18377
844 64.6719 3.18964
845 64.7497 3.19374
846 64.854 3.20255
847 64.8805 3.20572
848 64.8699 3.21133
849 64.7957 3.21552
850 64.6927 3.20826
851 64.6485 3.21466
852 64.5897 3.21709
853 64.5266 3.21898
854 64.4379 3.22098
855 64.3563 3.22471
856 64.3261 3.24925
857 64.3723 3.25378
858 64.4171 3.25543
859 64.4124 3.2597
860 64.4246 3.16048
861 64.4147 3.22643
862 64.334 3.23531
863 64.2123 3.23891
864 64.1029 3.24421
865 63.9966 3.24984
866 63.9715 3.25358
867 63.8969 3.2581
868 63.8637 3.25629
869 63.9 3.22719
870 63.9085 3.23314
871 63.9465 3.24366
872 63.9816 3.25011
873 64.02 3.25245
874 63.9484 3.25695
875 63.88 3.25913
876 63.7766 3.26569
877 63.6688 3.27036
878 63.6211 3.2722
879 63.4981 3.27539
880 63.4493 3.14075
881 63.5211 3.20782
882 63.5212 3.2127
883 63.5864 3.21925
884 63.6298 3.22263
885 63.6043 3.25677
886 63.5842 3.26516
887 63.5004 3.27286
888 63.4515 3.27581
889 63.3394 3.27239
890 63.2309 3.27966
891 63.1244 3.2857
892 63.0253 3.28809
893 63.0192 3.29325
894 63.1425 3.26248
895 63.237 3.2653
896 63.4298 3.26866
897 63.5043 3.27636
898 63.5541 3.28182
899 63.5076 3.29672
900 63.4745 3.1789
901 63.4669 3.24845
902 63.3679 3.25507
903 63.2619 3.26337
904 63.1814 3.28729
905 63.0754 3.29468
906 63.0154 3.29555
907 63.0228 3.3004
908 63.1364 3.28794
909 63.2278 3.29384
910 63.2336 3.2991
911 63.2067 3.30496
912 63.155 3.3106
913 63.0699 3.34384
914 63.0014 3.32369
915 62.9812 3.32884
916 62.9701 3.33245
917 62.8778 3.3387
918 62.7945 3.3425
919 62.7365 3.34585
920 62.8516 3.1997
921 63.0203 3.27036
922 63.1752 3.28173
923 63.2214 3.2925
924 63.2046 3.29648
925 63.1934 3.29926
926 63.1061 3.30674
927 63.0114 3.31013
928 62.9395 3.30791
929 62.8962 3.31207
930 62.8395 3.31293
931 62.797 3.31453
932 62.8168 3.31695
933 63.0302 3.3199
934 63.1687 3.32601
935 63.1594 3.32673
936 63.1851 3.3628
937 63.1149 3.36858
938 63.0978 3.37423
939 63.1413 3.37863
940 63.1273 3.27176
941 63.2492 3.34563
942 63.2084 3.35336
943 63.2438 3.3586
944 63.2016 3.36441
945 63.2429 3.37074
946 63.3218 3.33769
947 63.5026 3.34031
948 63.6477 3.34657
949 63.7708 3.3569
950 63.7188 3.36303
951 63.668 3.36949
952 63.5902 3.37172
953 63.5383 3.37467
954 63.5306 3.37711
955 63.5139 3.38094
956 63.4392 3.38409
957 63.3554 3.38513
958 63.3068 3.38603
959 63.2827 3.38924
960 63.3306 3.25652
961 63.4031 3.32753
962 63.3472 3.33632
963 63.2691 3.36156
964 63.172 3.37863
965 63.1087 3.38545
966 63.0489 3.393
967 63.1325 3.39673
968 63.1287 3.40514
969 63.118 3.41004
970 63.0416 3.41478
971 63.0144 3.4204
972 63.0297 3.43094
973 63.1059 3.38684
974 63.0859 3.39476
975 63.0176 3.40253
976 62.9731 3.40777
977 62.9101 3.422
978 62.8648 3.42484
979 62.8231 3.42911
980 62.918 3.29271
981 62.927 3.36004
982 62.9395 3.36967
983 62.9864 3.36698
984 63.0395 3.3726
985 63.0634 3.37344
986 63.1415 3.41153
987 63.1702 3.4135
988 63.1741 3.41777
989 63.067 3.42518
990 62.9908 3.42877
991 63.0208 3.43614
992 63.0957 3.4435
993 63.0798 3.44941
994 63.0273 3.45182
995 62.9607 3.4552
996 63.023 3.46288
997 63.0853 3.4706
998 63.2577 3.43824
999 63.5392 3.45369
1000 63.7832 3.3429
1001 63.8949 3.41405
1002 63.903 3.42542
1003 63.8636 3.44189
1004 63.7972 3.44493
1005 63.7177 3.45029
1006 63.7011 3.46407
1007 63.7516 3.46952
1008 63.7517 3.46571
1009 63.7783 3.46747
1010 63.8289 3.47921
